3 Generate/106274953.asc
nrows 512
ncols 512
xllcenter 0.000000
yllcenter 0.000000
cellsize 5.000000
NODATA_value  -9999
[rows 216 to 242 of 512, columns 120 to 179 of 512]
98180.76 99954.84 101752.76 102398.33 102998.22 104234.92 105483.23 106767.27 107762.39 108756.10 110332.55 111986.59 113405.57 114946.15 116123.67 116191.02 117010.91 119551.12 122595.41 125556.16 128258.52 131396.69 134256.39 135970.58 137909.67 140438.34 142944.11 144740.55 146521.20 150943.44 155668.53 157244.44 158154.48 159056.80 159274.16 159512.33 160213.02 161519.53 163256.27 165487.52 167999.88 170751.69 173560.20 176141.94 178565.98 181442.47 184333.95 187020.02 189571.00 190980.19 192228.42 194588.00 196973.58 198992.84 200821.27 201594.38 202314.03 204541.66 207861.31 211650.28
97377.72 98565.16 99774.78 100604.00 101391.03 102478.38 103600.01 104746.83 105637.98 106727.27 108391.30 110406.47 112164.51 112885.06 113226.01 113548.88 114647.56 117095.64 119996.19 123172.34 126150.32 128575.20 130790.30 132853.69 135103.80 137749.33 140485.38 142760.45 144972.69 148519.11 152243.64 154446.69 156147.38 157433.88 158130.95 158814.48 159852.95 161410.27 163342.70 165656.70 168213.77 170955.30 173720.53 176330.92 178820.86 181542.56 184254.31 186849.31 189334.64 191062.38 192659.12 195239.64 197813.28 199391.75 200780.92 201991.45 203145.66 205407.91 208728.62 212370.27
97001.22 97600.70 98212.04 99206.05 100151.77 101058.32 102027.72 103019.74 103800.69 104989.52 106746.03 109118.90 111194.53 111046.73 110489.03 111014.06 112369.99 114672.03 117307.43 120574.70 123766.41 125525.12 127211.07 129741.39 132356.16 135184.69 138292.56 141176.34 143851.83 146328.84 148686.75 151160.81 153488.52 155254.73 156654.67 158018.81 159527.02 161358.06 163481.70 165863.67 168457.00 171153.64 173799.17 176362.30 178885.17 181429.00 183906.64 186355.42 188749.75 190825.84 192836.42 195701.52 198488.38 199621.86 200571.28 202220.33 203809.53 206080.88 209330.44 212711.44
97145.76 97452.21 97751.42 98558.20 99306.84 100030.16 100846.82 101768.60 102530.94 103649.20 105320.47 107260.03 108859.90 109054.82 108812.82 109363.82 110809.60 112683.11 114767.95 117462.98 120203.67 122383.31 124627.27 128200.85 131758.31 134005.02 136706.69 139970.66 142875.55 145064.50 146839.50 148811.17 151002.50 153268.86 155404.34 157409.45 159353.08 161508.30 163872.19 166523.19 169345.30 171725.62 173980.58 176443.09 178945.67 181508.72 183949.02 186357.20 188765.41 190844.48 192921.86 195588.92 198105.73 199637.09 200990.28 202591.30 204130.64 206436.84 209600.08 212945.39
97578.23 97595.55 97576.88 98186.94 98731.72 99266.46 99923.02 100767.84 101508.82 102543.12 104098.33 105572.13 106677.18 107223.52 107326.09 107935.20 109489.06 110992.16 112646.73 114888.55 117232.53 119777.01 122455.22 126947.80 131390.97 132972.72 135083.44 138536.00 141565.98 143584.66 145071.48 146837.77 149017.36 151676.19 154336.25 156776.75 159063.75 161563.91 164212.16 167176.38 170247.38 172347.44 174290.64 176731.34 179249.81 181858.08 184317.62 186741.48 189188.44 191237.56 193310.22 195707.03 197919.22 199843.14 201591.92 203137.53 204623.33 206938.80 209955.20 213191.12
96986.23 97236.68 97393.40 97830.77 98223.07 99575.46 101030.95 100751.88 100466.04 101705.18 103390.45 104473.30 105204.16 105653.09 105737.99 106310.65 107792.48 109581.21 111632.02 113989.53 116334.52 119166.46 122186.73 125499.21 128740.38 130891.17 133320.00 136343.61 139196.41 141901.97 144195.39 146075.67 148321.95 151242.78 154279.22 156844.58 159185.50 162616.53 166044.28 168152.64 170404.25 172710.30 174879.31 177346.03 179876.38 182405.48 184794.28 187201.83 189621.09 191884.47 194144.20 196433.03 198555.03 200710.61 202704.84 204468.69 206164.08 207904.05 210181.83 213290.86
96726.88 97207.53 97511.44 97749.89 97992.59 100144.28 102323.72 100839.08 99488.05 100903.00 102656.17 103290.72 103632.44 104073.80 104314.73 105022.25 106514.81 108716.88 111432.99 114175.48 116649.42 119821.19 123285.30 125516.58 127599.52 130075.29 132285.20 134340.16 136763.75 140234.92 143519.73 145693.55 148069.19 151288.34 154820.12 157627.47 160053.47 164263.95 168190.30 169171.83 170482.98 173010.75 175439.64 177966.00 180522.38 182979.28 185314.59 187723.20 190121.92 192577.83 194978.75 197114.08 199125.78 201526.52 203795.47 205806.50 207724.00 208905.42 210488.77 213529.83
97351.30 97755.73 97908.76 98308.72 98763.08 99519.70 100222.11 99451.74 98941.16 99900.39 101101.20 101833.91 102338.07 102892.00 103407.23 104257.20 105759.40 108174.45 111357.52 114574.12 117265.84 120246.07 123619.88 126829.42 129808.38 131369.91 132123.66 133174.88 135131.73 138436.31 141773.34 144611.91 147476.77 150787.97 154598.36 158286.11 161435.17 164652.83 167315.56 168758.66 170737.95 173508.38 176217.00 178563.89 180906.75 183554.64 186099.89 188521.73 190912.48 193303.86 195590.38 197718.28 199766.06 202461.45 205054.27 206549.55 207925.00 209870.77 212125.22 214356.97
97549.63 97937.48 98041.37 98711.96 99459.81 98918.77 98284.88 98355.42 98740.20 99286.46 100033.57 100974.48 101717.77 102359.40 103036.59 103908.52 105371.66 107898.28 111309.56 114763.11 117575.95 120340.38 123544.62 127647.65 131482.52 132375.09 132214.31 132805.48 134546.31 137594.44 140773.66 144053.91 147278.80 150552.45 154408.50 158734.80 162451.12 164712.53 166297.95 168409.06 171154.09 174150.52 177101.86 179231.11 181340.77 184166.91 186898.75 189310.89 191682.45 194029.36 196248.70 198417.91 200526.67 203507.69 206398.84 207351.77 208172.14 210915.00 213931.52 215487.50
97257.30 97692.89 97909.04 98244.27 98597.51 98346.95 98005.52 98138.04 98577.05 99181.72 99936.77 100790.07 101518.86 102156.12 102900.11 103983.91 105571.11 108439.70 112036.42 114812.74 117095.70 119766.53 122945.34 126757.98 130248.48 131868.41 132662.25 133665.66 135593.27 138592.42 141536.92 144354.31 147304.08 150861.69 154929.91 159102.61 162746.66 164967.44 166706.20 169082.59 171891.59 174700.64 177357.75 179613.45 181946.05 184712.23 187388.48 190340.30 193256.25 195206.06 197028.83 199693.70 202297.61 204480.06 206563.66 207961.53 209234.67 211496.98 214048.72 216060.86
96528.79 97074.77 97545.64 97692.77 97728.25 97788.50 97762.32 97975.27 98476.02 99086.77 99740.21 100411.63 101119.02 101885.90 102911.38 104405.31 106201.01 109248.58 112674.55 114407.38 115968.14 118566.13 121821.45 125455.42 128651.43 131219.78 133460.78 135369.16 137704.53 140462.86 142757.16 144696.75 147180.94 150946.94 155067.66 158934.27 162451.83 164852.33 167196.28 170283.58 173357.91 175872.72 177997.39 180132.97 182556.92 185232.97 187830.09 191306.08 194760.61 196313.59 197741.36 200904.50 204006.50 205385.08 206645.95 208474.05 210195.84 211999.06 214134.70 216669.11
95324.68 95995.07 96739.51 98172.07 99365.36 98768.55 98088.45 98212.57 98601.62 98946.18 99240.98 99770.34 100500.98 101634.71 103173.22 104978.37 106867.24 109256.32 111663.88 113349.80 115181.75 117640.38 120909.22 124714.13 127974.99 130953.17 134102.84 137125.39 140077.92 142213.25 143475.47 144784.73 147051.36 150513.11 154180.91 157696.89 161046.03 164386.88 168094.80 172007.31 175455.00 177798.00 179504.47 181311.77 183616.33 186083.11 188484.78 191477.27 194470.83 196621.41 198649.42 201241.28 203772.47 205533.53 207158.62 209533.39 211820.70 213375.42 215323.20 217854.86
94344.79 95079.10 95966.02 98554.79 100850.08 99597.56 98260.02 98290.85 98565.91 98715.50 98810.53 99361.28 100200.59 101644.59 103547.04 105508.62 107417.01 109289.20 110993.94 112945.23 115179.85 117417.95 120544.04 124366.88 127621.21 130778.24 134333.70 137967.89 141306.75 143001.55 143638.39 144724.30 146956.78 150192.23 153583.00 156926.91 160193.19 164286.09 168934.42 173246.69 176873.78 179141.61 180641.27 182329.09 184602.41 186846.83 189038.59 191535.84 194063.59 196811.70 199439.80 201460.92 203422.62 205577.05 207587.89 210531.45 213396.50 214711.84 216488.94 219039.59
94479.41 95191.05 95948.20 97310.09 98510.38 98422.23 98258.71 98032.06 98018.03 98528.57 99055.83 99562.66 100367.84 101883.22 103799.91 105803.15 107726.30 109518.73 111142.27 112890.13 114873.84 117170.81 120237.81 123936.42 127237.63 130113.89 133348.03 136848.89 140097.05 142117.67 143297.56 144775.06 147186.45 150474.58 153876.84 157535.16 161196.42 164696.23 168650.20 172824.30 176383.23 178861.52 180647.34 182711.39 185241.89 187454.97 189842.34 192817.19 195637.95 198217.95 200520.95 202348.19 204277.80 206401.48 208374.86 210884.66 213325.22 215024.92 217210.70 220012.80
95393.25 95954.83 96301.60 96154.72 96127.88 97212.23 98249.45 97793.80 97504.15 98380.53 99348.41 99813.71 100572.14 102100.07 103931.60 105882.04 107775.97 109523.88 111148.97 112779.25 114556.41 116788.87 119513.98 122802.47 126017.72 128568.09 131386.72 134660.25 137773.02 140331.50 142525.08 144864.55 147667.22 150933.70 154186.06 157995.66 161971.28 164773.16 167816.06 171637.69 175031.39 177830.30 180146.16 182833.19 185739.25 188147.84 191216.31 195151.94 198484.95 200737.69 202364.72 203647.42 205386.14 207472.11 209391.33 211451.28 213461.84 215499.34 217984.30 220919.66
96820.26 96782.89 96266.25 95755.42 95644.79 96433.51 97205.07 97267.38 97453.69 98053.88 98803.57 99624.27 100726.89 102297.62 104079.15 105912.29 107728.19 109676.65 111557.98 113297.08 115097.40 116948.73 119012.15 121618.95 124467.34 126948.81 129609.13 132683.44 135689.52 138784.89 141991.19 145038.75 148078.77 151154.67 154081.88 157861.00 161967.55 164714.06 167491.05 170838.59 173952.70 177498.52 180778.88 183352.28 185900.16 188676.56 192595.91 197342.12 201029.61 202965.34 203926.52 204848.86 206581.06 208587.94 210412.14 212400.50 214360.14 216434.83 218896.20 221785.28
97812.95 97297.75 96182.01 95567.09 95479.84 95939.67 96397.13 96933.69 97576.96 97875.95 98346.38 99444.54 100817.39 102402.23 104155.74 105909.20 107665.71 109785.01 111864.02 113663.12 115485.16 117121.34 118842.12 121076.68 123695.34 126145.92 128735.73 131699.03 134637.16 138051.97 141795.14 145074.94 148134.55 151080.86 153817.66 157694.41 161973.11 164730.73 167425.17 170489.36 173411.45 177603.12 181629.39 183878.70 185991.98 188951.36 193273.23 198373.84 202207.66 203986.89 204633.81 205547.41 207432.81 209369.25 211117.38 213053.72 214972.64 217109.98 219592.25 222457.95
96762.97 96529.94 95795.59 95753.66 96145.46 96451.50 96830.05 97476.29 98152.61 98260.40 98467.91 100263.48 102394.59 103343.40 104472.60 106155.81 107831.78 109728.59 111600.12 113304.82 115029.12 116728.03 118504.38 120680.24 123238.64 125778.69 128442.26 131596.70 134758.09 138194.44 141930.12 144988.34 147847.08 151083.19 154143.02 157668.03 161548.12 164308.88 167014.52 170303.03 173467.58 177019.34 180406.42 182942.09 185350.81 188513.06 192822.38 197547.25 201212.36 203168.98 204163.28 205375.34 207391.64 209608.22 211654.05 213509.52 215338.44 217630.61 220273.19 223398.42
94795.70 94944.31 94811.26 95566.27 96548.22 96790.54 97268.48 98199.07 98987.01 98835.18 98628.12 100964.90 103774.10 104083.51 104601.72 106231.38 107834.09 109521.91 111221.52 112876.79 114545.06 116336.16 118186.34 120312.19 122810.99 125420.26 128120.70 131439.73 134835.83 138304.06 142004.19 144802.17 147439.34 150993.44 154434.97 157651.27 161113.81 163813.88 166475.03 169948.42 173340.16 176252.89 179006.73 181843.44 184574.55 187759.67 191616.64 195517.91 198810.16 201114.05 202826.47 204706.48 207018.84 209525.34 211896.53 213700.38 215453.72 217926.80 220774.61 224178.06
93058.33 93467.59 93818.89 94625.68 95453.83 96749.26 98442.19 98819.14 98876.96 98899.80 98708.34 100276.93 102453.15 103203.23 104191.42 105711.86 107189.21 108933.66 110736.30 112525.07 114323.15 116151.19 118016.53 120128.51 122594.27 125210.48 127896.02 131091.36 134437.19 137733.16 141189.92 144362.20 147401.89 150627.48 153788.62 157364.78 161073.41 163630.66 166170.81 169644.86 173095.62 175932.55 178625.34 181501.92 184297.25 187191.66 190280.09 193413.09 196379.72 199039.58 201477.50 203956.00 206494.47 209176.98 211759.86 213649.42 215465.95 217946.84 220801.23 223966.19
91945.67 92522.15 93151.18 93804.53 94389.03 96668.23 99415.85 99077.60 98331.63 98592.77 98556.39 99494.67 101097.54 102270.37 103696.27 105076.08 106413.54 108209.67 110107.39 112024.37 113956.53 115837.52 117738.85 119854.28 122293.04 124944.43 127680.78 130821.47 134155.55 137318.41 140602.88 144217.06 147688.17 150533.28 153299.97 157116.97 161004.03 163396.34 165796.19 169257.02 172761.33 175531.03 178183.89 181124.55 184002.64 186832.09 189632.73 192475.80 195334.97 198183.16 200974.59 203679.17 206274.30 209118.58 211882.08 213826.50 215692.73 218126.80 220863.47 223658.16
91616.46 92169.80 92770.11 93370.26 93927.38 95477.66 97405.91 97813.07 97884.85 98117.02 98111.16 99134.43 100735.70 101627.72 102762.31 104344.86 105911.09 107780.34 109762.75 111521.23 113331.86 115416.73 117578.42 119786.41 122213.34 124928.40 127817.45 130969.39 134284.05 137552.09 140837.75 144593.14 148259.80 150963.09 153599.67 157018.28 160419.19 162954.34 165549.61 168830.00 172192.91 175207.42 178056.84 180969.53 183914.53 186888.75 189844.34 192758.28 195638.59 198546.42 201367.66 204508.42 207565.28 209823.19 212008.77 214103.34 216124.47 218569.52 221189.34 223858.69
91579.50 92089.76 92614.62 93113.36 93618.88 94350.14 95265.95 96226.54 97028.96 97311.50 97511.73 98796.38 100479.41 101082.45 101901.37 103661.17 105444.02 107358.27 109362.83 110896.89 112548.16 114891.84 117452.09 119893.90 122372.88 125193.12 128326.57 131577.84 134903.86 138168.69 141237.69 144919.88 148684.33 151319.41 153992.50 157184.64 160189.39 162914.25 165782.52 168955.11 172208.30 175382.22 178240.78 180935.83 183856.06 186985.36 190130.89 193153.89 196074.72 199020.00 201819.17 205344.45 208842.08 210522.03 212142.00 214398.19 216579.27 219034.50 221539.97 224097.67
92082.55 92578.69 93053.34 93426.34 93854.37 94490.61 95118.90 95517.01 95937.45 96416.06 96971.59 98269.37 99787.09 100545.52 101491.82 103119.59 104806.01 107086.44 109424.65 110691.20 112136.59 114435.42 117093.66 120462.06 123695.38 126341.10 129428.82 132585.83 135725.78 138874.62 141617.56 144591.36 147828.64 151010.52 154350.94 157560.14 160417.44 163181.03 166166.08 169410.14 172717.27 175710.91 178231.59 180674.72 183533.95 187742.03 192004.48 194300.81 196434.91 199608.64 202578.05 205295.70 208042.16 210232.31 212373.94 214890.80 217328.62 219721.94 222070.56 224342.44
92604.25 93105.58 93568.13 93849.47 94207.45 94821.38 95340.03 95356.54 95478.06 96077.88 96825.81 97977.70 99266.71 100208.78 101324.32 102858.05 104464.95 107128.09 109831.68 110852.81 112079.77 114228.08 116801.15 120922.29 124831.92 127246.07 130159.32 133082.81 135947.88 139030.56 141613.88 144056.08 146847.69 150518.38 154407.30 157530.61 160230.47 163065.77 166159.64 169451.48 172798.42 175686.14 178030.31 180375.69 183225.53 188463.14 193774.66 195285.31 196609.25 200041.73 203244.89 205219.61 207249.39 209954.31 212615.98 215389.52 218081.64 220449.69 222734.89 224844.09
92580.38 93034.21 93467.66 93869.02 94329.85 94974.85 95543.96 96103.23 96744.20 96903.23 97175.72 98142.61 99251.27 100328.50 101586.40 103373.82 105241.40 107086.27 109068.56 110717.73 112530.59 114857.34 117491.74 120797.80 123957.93 126471.88 129420.06 132588.91 135726.20 138710.81 141297.09 143842.92 146697.31 150347.27 154374.88 157975.98 161003.23 163753.66 166570.17 169542.52 172756.19 175763.12 178293.00 180828.08 183798.33 187979.39 192177.73 194913.97 197526.61 200363.52 202992.80 205376.50 207796.55 210630.73 213432.38 215976.95 218439.91 220934.75 223339.56 225491.08
92822.21 93251.35 93701.77 94270.67 94861.88 95568.49 96242.18 97395.45 98578.82 98266.12 97987.53 98674.31 99513.31 100654.13 101996.07 103993.92 106095.93 107203.53 108681.66 111222.52 113841.45 116408.27 119019.86 121384.49 123729.60 126277.00 129101.72 132325.19 135571.44 138418.17 141093.64 143874.73 146888.16 150725.89 155288.78 159765.33 163331.47 165857.52 168017.17 170276.34 173174.69 176361.62 179208.19 182053.84 185174.98 188197.33 191107.72 194895.08 198695.39 200916.20 202974.44 205770.36 208561.02 211494.92 214421.70 216731.98 218964.45 221578.83 224087.89 226264.34
