3 Generate/106274953.asc
nrows 512
ncols 512
xllcenter 0.000000
yllcenter 0.000000
cellsize 5.000000
NODATA_value  -9999
[rows 27 to 53 of 512, columns 120 to 179 of 512]
222460.52 222900.27 223133.50 223566.75 224419.59 225744.36 227075.23 228376.44 229608.84 230834.83 231900.11 232838.72 233721.20 234569.84 235422.45 236026.72 236750.86 237638.62 238618.38 239835.88 241005.58 242230.22 243356.44 243861.09 244223.03 244863.80 245465.36 246440.80 247213.92 246857.02 246451.78 246539.78 246770.48 247814.84 249002.19 249258.23 249334.88 249108.38 248618.91 248167.33 247830.45 248165.86 248998.03 250095.72 250619.94 249690.17 248263.38 247082.77 246305.56 246530.98 246875.42 246286.30 245522.92 244660.98 243559.09 244145.72 245027.28 243604.78 242436.36 242567.48
220922.23 221407.77 221670.12 221806.23 222348.88 223564.36 224809.45 226139.88 227433.75 228488.66 229439.95 230565.52 231673.89 232954.62 234221.95 234622.25 235101.59 236260.14 237547.58 239010.69 240466.48 241876.78 243161.05 243784.56 244181.69 244873.55 245521.59 245946.28 246076.91 245837.84 245520.50 245712.70 246162.70 246665.12 247331.22 247790.53 248072.70 248311.77 248305.75 247712.14 247202.30 247596.20 248563.06 249752.34 250290.92 249295.17 247692.44 246330.05 245465.67 246225.45 247147.00 246225.27 245066.17 243948.97 242555.59 242648.95 243109.05 242347.58 241797.08 241221.83
218898.78 219442.38 219815.86 220226.03 220958.98 222005.44 223013.09 224077.91 225228.39 226321.86 227398.59 228672.27 229933.69 231654.62 233333.62 233667.61 234049.64 235219.38 236583.27 238239.19 239901.44 241526.41 242994.36 243798.97 244300.97 245023.84 245602.58 245740.22 245589.00 245419.77 245207.61 245209.41 245519.28 245662.94 245990.47 246611.70 247058.47 247231.20 247200.02 246858.52 246545.62 246845.33 247584.95 248881.34 249661.28 248450.81 246734.94 246018.95 245684.52 245538.83 245553.52 244956.88 244103.58 243020.73 241683.91 241219.62 241133.75 240608.84 240261.77 239898.03
216967.58 217656.61 218326.72 219198.36 220215.03 221021.30 221616.50 222237.03 223162.31 224310.61 225545.86 226993.72 228403.45 230518.38 232542.38 232746.89 232995.59 234159.78 235578.56 237401.12 239239.03 241046.41 242669.88 243635.30 244233.89 244962.23 245419.28 245223.81 244784.64 244724.98 244673.61 244535.25 244728.84 244520.44 244519.03 245310.34 245923.80 246071.31 246108.22 246112.80 246039.75 246109.88 246324.31 247430.47 248317.81 247002.20 245412.12 245582.55 245891.08 244863.88 244016.59 243791.20 243271.23 242245.91 241001.77 240013.44 239396.81 239110.62 238970.86 238823.28
215601.22 216411.39 217361.03 218408.50 219424.95 220000.70 220189.53 220429.48 221184.25 222558.16 224105.94 225743.81 227310.66 228870.27 230292.77 231034.08 231828.23 233356.94 235184.75 236944.12 238723.88 240566.58 242206.41 243440.67 244263.73 244692.52 244740.89 244259.89 243586.72 243233.33 242934.20 243611.61 244628.27 244003.00 243603.92 244431.72 245076.50 245172.66 245252.23 245484.03 245534.97 245570.78 245454.77 245360.73 245345.98 244987.94 244587.91 244428.36 244166.03 243687.94 243413.88 243157.08 242568.58 241490.03 240225.34 239421.53 238976.64 238527.94 238202.30 238570.28
214366.62 215233.84 216315.06 217397.34 218370.23 218834.94 218833.55 218900.12 219576.91 221140.02 222913.58 224638.03 226275.34 227230.27 228027.62 229293.94 230619.38 232475.03 234647.41 236263.77 237902.22 239702.70 241293.23 242750.62 243780.36 243954.80 243702.53 243062.22 242254.42 241662.08 241144.20 242649.80 244495.06 243450.52 242640.17 243486.62 244147.50 244137.09 244153.08 244508.81 244637.39 244773.67 244623.56 243625.16 242841.70 243333.12 243888.53 243167.30 242234.23 242302.95 242587.45 242288.75 241641.70 240522.56 239231.62 238600.59 238321.62 237720.83 237233.91 238150.06
213058.36 213873.11 214883.84 215923.53 216881.16 217436.52 217604.69 217836.22 218592.62 220012.20 221604.69 223369.44 225063.09 225977.25 226758.72 227957.09 229202.83 230785.89 232669.52 234401.86 236159.75 238044.14 239757.14 241496.08 242791.36 242624.19 242028.16 241534.59 240893.67 240415.16 240031.64 241006.42 242283.27 241605.92 241103.17 241858.11 242483.09 242795.03 243214.81 243626.97 243735.53 243572.66 243074.30 242256.42 241699.08 241856.73 242094.20 241696.48 241076.19 240896.97 240841.44 240467.55 239844.14 238890.97 237796.34 237054.89 236628.31 236216.36 235935.98 236450.19
211653.78 212423.50 213348.33 214333.52 215293.20 216057.92 216603.91 217198.31 218122.44 219360.66 220681.42 222377.14 224033.45 224853.92 225596.72 226714.39 227857.80 229117.27 230636.84 232399.34 234193.97 236120.84 237964.52 240011.88 241587.61 241075.28 240134.39 239800.88 239366.09 239080.95 238934.06 239466.09 240211.39 239840.59 239511.38 240037.20 240554.77 241254.23 242240.91 242876.53 243041.75 242530.52 241574.11 240823.91 240433.95 240260.08 240201.31 240152.67 239859.28 239343.08 238749.80 238108.47 237435.55 236704.06 235896.94 235130.47 234594.67 234390.25 234363.80 234541.30
210526.58 211500.66 212593.27 213338.83 214114.97 215088.36 216006.00 216984.55 218087.42 220151.89 222189.89 222768.56 223330.80 224144.14 224935.97 225816.31 226711.95 227882.17 229260.28 230853.78 232484.53 234188.42 235905.89 237747.66 239108.73 239214.53 238906.56 238352.67 237748.34 237592.00 237612.45 238085.41 238668.73 238595.48 238427.30 238444.72 238574.36 239376.92 240647.52 241678.55 242076.33 241503.41 240372.39 239526.22 239139.00 239052.53 239117.75 239064.72 238748.48 238161.11 237301.38 236149.05 235184.77 234537.38 233878.08 233395.33 233053.14 232715.92 232621.05 232902.59
209904.27 211128.94 212466.83 213050.61 213690.44 214812.36 215941.30 217138.19 218343.44 221250.00 224036.64 223520.89 222978.88 223726.67 224481.81 225041.42 225638.55 226696.52 227911.00 229310.59 230746.22 232161.77 233655.36 235202.52 236309.41 237052.23 237421.97 236697.27 235956.66 235922.03 236070.64 236440.75 236840.89 237119.91 237233.42 236861.92 236654.84 237475.27 238849.19 240096.48 240645.61 240056.52 238850.59 238007.14 237665.77 237649.23 237804.80 237715.00 237362.77 236805.48 235899.78 234458.75 233309.56 232723.22 232149.17 231885.31 231707.47 231243.33 231093.53 231497.20
210536.69 211916.81 213445.62 213682.47 213957.55 215313.05 216723.34 218477.73 220133.41 221577.61 222743.86 222590.56 222458.22 223059.00 223723.81 224324.70 224954.86 225832.16 226776.75 227838.16 228974.52 230164.12 231430.97 232699.11 233639.84 234380.23 234889.20 234988.44 235005.36 234664.95 234394.48 234848.83 235372.89 235425.78 235357.67 235200.98 235146.06 236128.03 237590.52 238363.33 238531.92 238186.48 237310.45 236521.91 236134.20 236062.52 236117.95 235918.92 235523.89 234893.84 233970.59 232773.64 231840.80 231275.28 230702.34 230513.12 230398.55 229960.06 229894.78 230744.45
211168.98 212732.94 214498.38 214431.20 214361.91 216020.33 217861.69 220322.64 222496.41 222397.41 221766.09 221799.36 221999.89 222510.03 223200.17 223953.08 224657.41 225299.28 225873.34 226500.95 227298.31 228231.28 229196.91 230109.95 230849.25 231667.38 232491.23 233585.48 234425.84 233665.12 232749.22 233066.25 233614.05 233499.75 233381.05 233571.59 233731.77 234801.27 236183.36 236311.70 236022.34 236020.22 235693.91 235181.56 234851.73 234679.84 234528.23 234111.91 233625.72 232956.98 232088.62 231206.28 230518.50 229956.70 229354.83 229211.88 229148.34 228717.98 228694.03 229937.53
209949.52 211489.64 213278.09 213964.89 214606.45 216518.20 218741.28 221348.20 223482.75 223483.42 222707.53 222259.34 222127.33 222636.11 223435.91 224135.89 224697.06 224936.72 224986.44 225208.73 225700.62 227287.69 228860.02 228773.27 228655.83 229637.77 230848.36 231873.39 232468.45 231996.25 231148.44 231108.62 231475.02 231450.62 231542.22 232277.41 232851.45 233157.69 233607.42 233886.78 233931.39 233899.05 233752.81 233459.45 233131.69 232996.19 232772.89 232093.89 231467.39 231447.89 231316.91 230913.62 230633.53 229427.22 228149.81 227897.75 227735.31 227882.55 228446.16 228995.72
208625.91 210126.08 211893.08 213283.53 214602.83 216683.20 219123.62 221716.44 223739.78 223933.42 223222.88 222514.48 222177.16 222676.03 223507.47 224063.97 224435.50 224322.95 223969.75 223921.06 224195.98 226519.02 228818.31 227840.25 226912.94 227959.31 229333.23 230051.58 230259.17 230113.97 229494.17 229271.78 229538.27 229548.23 229730.00 230893.56 231837.28 231473.09 231175.95 231788.22 232248.81 232091.52 231918.41 231640.97 231232.09 231199.28 231030.34 230211.08 229499.66 230091.19 230610.34 230593.61 230666.89 228807.33 226862.14 226514.00 226259.89 226975.55 228096.69 227899.75
209628.30 210534.89 211670.09 213155.78 214568.03 216488.02 218686.70 220872.69 222553.95 222961.12 222536.38 221990.36 221705.23 222004.69 222646.47 223434.98 223988.97 223980.47 223715.47 223164.27 222971.80 224553.62 226145.69 225987.89 225903.20 226444.75 227226.67 228075.14 228507.89 228332.92 227752.56 227478.98 227619.16 227807.58 228149.75 228975.30 229595.17 229507.06 229473.58 230001.02 230397.14 230384.50 230345.23 229981.66 229501.11 229388.48 229148.25 228706.66 228369.16 228350.39 228280.03 228077.64 227938.92 227005.78 226108.00 225837.23 225541.06 225635.47 226005.16 225991.42
210806.58 211083.77 211501.11 212974.67 214379.67 215984.14 217712.84 219285.39 220534.69 221261.97 221364.64 221239.94 221165.66 221363.34 221940.64 223070.14 223855.38 223934.81 223717.48 222623.44 221948.14 222803.95 223715.48 224403.28 225172.19 225120.84 225120.14 225914.08 226501.62 226389.81 226023.50 225867.55 225956.86 226304.48 226763.62 227203.22 227466.53 227621.55 227802.91 228201.42 228513.97 228631.98 228695.12 228212.20 227640.88 227448.14 227144.67 227090.52 227131.70 226523.36 225907.06 225558.55 225215.86 225313.86 225715.67 225778.80 225558.31 224922.52 224292.00 224191.53
209092.12 209950.69 210839.56 212288.14 213666.19 215093.05 216497.48 217714.77 218812.75 219931.41 220651.36 221052.45 221300.50 221309.27 221730.20 222978.94 223757.50 223630.89 223167.41 221839.14 220988.84 221590.92 222292.69 222769.95 223333.73 223489.91 223512.80 223882.17 224256.61 224409.38 224456.64 224592.02 224798.31 225235.19 225736.66 226147.36 226409.70 226328.94 226247.88 226531.22 226778.36 227028.03 227192.66 226684.69 226116.23 225838.27 225466.89 225314.36 225250.05 224752.97 224287.56 223900.19 223459.53 223674.50 224463.22 226003.97 227007.30 225560.86 223829.17 223246.61
207371.94 208811.75 210179.52 211603.75 212934.88 214220.19 215425.52 216421.31 217430.44 218856.16 220011.08 220763.95 221274.48 221097.73 221328.98 222658.80 223420.09 223122.28 222472.47 220968.91 219976.30 220324.31 220800.97 221049.64 221399.30 221857.11 222112.17 222267.61 222529.02 222883.28 223195.44 223471.55 223725.88 224264.86 224836.97 225245.50 225515.34 225207.75 224892.05 225089.44 225284.98 225678.20 225970.20 225462.38 224906.67 224534.33 224078.69 223811.86 223634.53 223222.34 222849.92 222364.53 221795.36 222000.33 222904.62 225653.28 227758.31 225585.83 222936.28 222049.25
207040.67 208570.38 209910.09 211133.84 212258.80 213400.08 214510.83 215605.47 216743.56 218292.27 219589.95 219821.77 219837.11 220044.44 220592.20 221643.55 222093.83 221943.30 221529.08 220103.17 219115.19 219328.64 219607.56 219810.25 220213.66 220611.88 220870.08 221090.91 221386.47 221849.94 222251.66 222496.95 222710.84 223091.91 223467.48 223726.77 223864.17 223681.42 223495.23 223595.58 223715.94 223989.00 224265.61 224140.09 223857.86 223471.41 222909.50 222317.94 221919.38 222078.31 222356.91 221807.27 221071.86 221149.41 221739.47 223331.33 224486.30 222913.31 220862.31 219934.16
206648.12 208228.05 209474.45 210440.66 211343.92 212393.42 213502.58 214784.81 216091.52 217739.64 219127.88 218785.30 218278.70 218831.80 219619.83 220323.47 220445.36 220548.72 220575.75 219431.41 218549.66 218565.08 218484.55 218475.48 218856.23 219232.25 219575.39 219941.53 220302.77 220855.02 221311.59 221493.31 221652.27 221854.97 221989.91 222057.52 222046.72 221992.22 221934.98 221936.27 221980.38 222242.30 222743.75 223241.11 223342.23 222846.78 221967.84 220840.31 220123.55 220949.66 222093.05 221694.41 220893.39 220656.70 220515.38 220532.19 220546.91 219680.69 218467.80 217748.14
206360.20 207960.12 209104.94 209690.19 210257.42 211256.19 212400.78 213873.02 215333.44 216428.61 217244.69 217608.41 217859.52 218099.23 218476.36 219170.16 219318.92 219133.53 219057.67 218431.27 217889.08 217819.02 217487.28 216955.53 216997.20 218030.64 219132.50 219973.84 220728.83 220489.44 220122.61 220376.41 220621.86 221178.39 221609.53 221130.03 220617.27 220517.25 220413.78 220348.95 220345.12 220786.33 221704.16 222616.34 222893.30 222185.03 220884.64 219450.83 218643.92 219274.92 220425.05 220853.31 220664.14 220298.03 219609.05 218384.42 217588.81 217298.55 216818.88 216123.66
205469.72 207117.31 208257.75 208582.11 208909.38 209890.69 211054.84 212684.00 214280.09 214832.38 215094.55 216172.53 217160.55 217084.78 217103.28 217858.00 218087.30 217562.34 217231.08 216967.28 216706.19 216649.94 216256.03 215384.91 215169.64 216815.69 218575.25 219784.98 220871.25 219829.91 218647.27 218986.78 219326.06 220262.30 221048.17 220084.89 219109.70 218984.75 218856.42 218742.25 218697.39 219210.39 220308.61 221401.03 221750.02 220929.81 219422.97 217895.92 217094.16 217435.44 218388.77 219444.77 219786.05 219497.19 218695.36 216660.28 215249.66 215459.52 215556.09 214754.11
204282.08 205718.64 206679.08 207313.23 207929.30 208578.20 209363.97 211583.62 213808.28 214033.84 214082.45 214970.73 215688.95 215831.05 215933.11 216253.14 216153.89 215706.84 215431.45 215257.81 215086.81 214802.69 214245.27 213803.19 213966.66 215292.81 216792.81 217535.28 218071.12 217951.30 217673.88 217989.55 218348.41 218550.58 218624.72 218223.84 217796.69 217554.00 217237.77 217050.11 216997.05 217614.44 218916.05 220184.22 220615.33 219763.41 218186.89 216732.70 216040.42 216353.77 217157.84 217758.11 217780.64 217408.53 216595.22 215314.53 214572.36 214408.80 214115.30 213475.95
202817.78 204033.08 204845.72 205833.03 206760.97 207037.83 207354.94 210073.86 212885.66 212898.53 212996.45 213986.89 214636.34 214983.98 214994.58 214682.84 214176.78 213814.25 213568.62 213440.95 213313.16 212819.14 212194.22 212287.88 212880.69 213947.03 215311.95 215692.38 215680.50 216384.20 216896.52 217093.89 217437.17 216933.98 216352.44 216574.73 216738.16 216333.42 215698.12 215299.42 215174.44 215994.12 217715.44 219378.33 219997.12 219085.61 217364.45 215905.77 215287.66 215451.78 215843.66 215737.25 215355.36 215022.23 214403.72 214071.73 214084.12 213530.47 212808.12 212286.52
199782.61 201166.47 202230.73 203263.66 204202.02 204677.16 205098.72 206961.09 209003.47 209889.45 211151.41 212761.34 213871.12 214362.78 214214.69 213468.75 212730.38 212363.41 212041.70 211897.73 211743.12 211168.55 210607.06 210668.62 211133.73 212681.50 214633.41 215123.80 215030.34 215115.72 214983.42 215451.52 216188.89 215861.72 215510.69 215433.81 215266.69 214909.61 214162.39 213497.72 213239.36 214420.75 216723.73 218637.34 219300.72 218337.41 216478.55 214774.42 213987.16 213881.11 213751.72 213399.25 213077.39 213867.06 214523.05 213437.58 212490.44 212348.05 211992.11 211118.02
196597.66 198098.62 199339.75 200348.20 201259.80 201967.75 202584.73 203684.38 205000.61 206680.17 208935.97 211007.05 212532.77 213343.48 213363.30 212502.94 211687.42 211337.58 210960.55 210814.34 210634.69 209910.55 209268.88 209156.30 209429.55 211375.44 213728.36 214136.89 213860.92 213329.30 212585.95 213365.44 214519.75 214358.66 214210.67 213808.52 213305.11 213075.44 212377.34 211605.05 211284.88 212733.36 215410.02 217367.28 217983.23 217009.73 215100.38 213237.17 212319.97 212080.44 211732.08 211439.62 211326.56 213179.56 214958.48 212963.89 210985.66 211263.66 211293.42 210083.92
194370.62 195650.03 196709.81 197867.81 198949.23 199777.22 200550.69 201206.19 202050.20 203746.72 206038.88 208200.91 209959.31 211071.48 211473.89 211215.55 210808.86 211008.05 211132.19 210394.48 209573.92 209320.92 209116.31 208494.84 208338.95 209618.09 211147.98 211552.58 211332.70 210831.70 210207.11 210427.66 211046.62 211060.44 211062.20 211041.11 210969.17 211032.88 210695.36 209880.33 209416.34 210542.02 212710.58 214529.09 215207.50 215331.22 214671.83 212417.77 210945.83 210856.45 210901.12 210913.89 210926.06 211816.33 212432.02 211159.69 210041.53 210029.33 209762.00 208927.06
