3 Generate/106274953.asc
nrows 512
ncols 512
xllcenter 0.000000
yllcenter 0.000000
cellsize 5.000000
NODATA_value  -9999
[rows 27 to 53 of 512, columns 60 to 119 of 512]
128826.66 132530.88 135719.72 138745.78 141196.23 143282.27 144930.55 146649.12 147954.02 147968.67 147976.06 149069.02 150027.70 149779.98 149496.58 150034.92 151026.56 152296.16 153859.34 155450.05 157412.58 160091.38 162958.22 165666.78 168280.28 170826.03 173252.89 175884.50 178745.12 181897.05 185134.70 187682.62 190132.08 193403.17 196544.66 199555.69 202305.64 203493.02 204411.67 205673.02 206670.64 208194.56 210496.50 212870.47 214297.34 214268.59 213549.91 213128.48 213907.88 215872.94 217780.77 219145.89 220132.86 220776.03 221445.48 222123.48 222195.05 222731.86 223309.00 222595.02
133248.94 136730.23 139573.92 142511.89 144868.77 146998.45 148674.02 149921.81 150641.81 150740.52 150860.06 151403.48 151806.03 151501.27 151020.31 151290.50 152145.69 153380.78 155031.12 156277.39 157879.36 160577.77 163484.25 166208.16 168863.00 171343.41 173659.16 176073.55 178762.05 182648.11 186594.06 188688.55 190674.23 194376.58 197962.33 199702.31 201152.84 203006.19 204632.97 205930.14 206937.47 208790.44 211581.67 214226.67 215692.98 215239.20 213901.12 213040.89 213566.03 215420.28 217202.16 217958.16 218412.11 219357.11 220446.50 221296.62 221403.45 222606.67 223750.66 221986.03
135723.30 140136.78 143857.47 146630.30 148760.97 150863.05 152421.23 153423.00 153867.89 153656.44 153360.39 153279.88 153188.94 153015.91 152902.42 153152.52 153738.92 154548.33 155650.17 156792.44 158506.95 161072.83 163826.14 166562.41 169290.45 171863.86 174302.08 176853.03 179646.48 183132.77 186636.58 189054.19 191371.52 194956.78 198411.27 200086.83 201477.72 203360.56 205036.14 206484.72 207646.45 209114.61 211313.56 213590.41 214826.97 214419.53 213357.36 212731.83 213250.98 214767.30 216261.77 217220.19 217881.41 218981.92 220041.33 220185.67 219754.00 220052.70 220393.34 219335.55
138229.52 143522.23 148057.27 150612.55 152494.94 154564.25 155998.91 156758.75 156955.00 156377.00 155491.16 154611.41 153968.31 154222.41 155080.36 155913.67 156525.31 156786.16 157021.86 157733.06 159409.03 161791.94 164281.09 166914.28 169652.34 172324.36 174919.81 177641.61 180544.38 183589.61 186585.86 189264.05 191879.73 195333.23 198636.23 200229.55 201552.81 203460.59 205175.89 206767.19 208080.20 208982.14 210190.27 211705.66 212546.77 212452.78 212227.56 212398.23 213179.72 214411.86 215706.66 216950.30 217857.98 218948.27 219608.58 218679.55 217548.50 217048.83 216806.38 216674.48
141159.61 146515.44 151058.92 153651.30 155559.20 157496.08 158727.17 159374.73 159462.41 158614.88 157237.12 155804.88 154847.83 155690.44 157685.45 159105.45 159743.19 159636.23 159177.12 159111.88 160387.53 163052.78 165735.92 167994.67 170467.03 173230.02 175973.34 178459.47 181066.41 184870.34 188563.62 190576.33 192568.19 195468.61 198201.09 200038.69 201621.64 203368.09 204931.39 206393.77 207587.00 208348.69 208998.20 209601.08 209907.92 210431.97 211352.11 212513.94 213752.22 214627.31 215644.62 217173.17 218317.70 218799.39 218466.33 216709.34 215125.88 214803.80 214953.22 215164.45
143009.38 148369.52 152893.17 155513.44 157446.14 159277.81 160373.77 160997.22 161063.27 160127.42 158559.64 156870.30 155762.05 156997.00 159633.72 161147.27 161622.58 161364.22 160602.53 160136.77 161179.14 164166.27 167129.30 169092.39 171317.22 174114.59 176917.56 179080.23 181336.31 185897.47 190320.77 191706.92 193091.69 195443.34 197619.53 199716.38 201565.77 203147.23 204549.11 205867.83 206921.89 207708.75 208194.86 208293.52 208270.70 209203.80 210773.98 212434.36 213928.77 214455.38 215160.09 216929.33 218291.92 218345.27 217410.52 215221.33 213377.67 213158.81 213509.77 213870.53
143531.55 148672.67 153039.69 155934.45 158090.50 160011.95 161231.69 161932.17 162062.78 160961.33 159244.47 157721.86 156752.55 157613.61 159683.06 161039.73 161544.83 161393.14 160895.91 160789.81 162015.17 164589.50 167125.27 169900.27 172941.95 174811.39 176697.09 179115.16 181605.50 185629.02 189533.47 191334.12 193112.16 195264.97 197259.67 199350.62 201196.52 202928.97 204663.16 206255.39 207426.56 208037.14 208163.28 207970.20 207823.30 208580.14 209893.16 211151.78 212281.78 213174.22 214317.05 215733.22 216713.52 217078.41 216525.58 214428.23 212645.14 212441.92 212690.75 212760.70
143069.28 147997.64 152294.69 155564.73 157992.34 160039.81 161472.77 162362.47 162662.72 161508.25 159778.19 158552.75 157817.95 158183.06 159333.22 160177.83 160580.78 160752.20 160922.88 161565.22 163146.02 165291.16 167364.38 170908.64 174728.72 175649.62 176608.48 179264.47 181944.28 185383.84 188744.89 190934.28 193056.16 194956.23 196740.41 198813.88 200653.95 202718.23 205191.30 207483.86 209014.61 209349.92 208794.73 207974.58 207562.73 208087.38 208974.45 209625.17 210222.33 211419.44 213027.97 214151.30 214785.52 215536.12 215533.59 213726.05 212166.44 211988.67 211998.66 211616.97
142097.36 147022.25 151465.52 154997.42 157597.08 159601.78 161102.11 162041.61 162384.62 161733.16 160547.94 159985.89 159843.92 159459.31 159435.77 159687.38 159902.30 160476.41 161384.67 162758.31 164662.95 166569.25 168362.78 171165.56 174246.50 175816.59 177439.89 180181.06 182891.86 185831.23 188729.05 190607.62 192377.11 194386.06 196331.72 198249.41 199962.58 202301.16 205475.92 208541.69 210513.50 211109.94 210406.70 208506.06 207360.97 208069.94 208910.91 208805.11 208707.09 209575.00 211024.75 212251.61 212968.69 213460.89 213394.17 212355.31 211509.66 211171.97 210750.91 210346.67
141467.55 146303.52 150740.44 154388.42 157094.98 159046.42 160596.55 161580.83 161993.92 161879.73 161254.95 161371.75 161855.88 160961.95 160233.50 160358.41 160616.89 161461.95 162768.97 164525.33 166592.02 168262.80 169784.25 171846.16 174170.73 176341.48 178557.03 181307.17 183988.27 186356.97 188692.98 190163.14 191513.70 193583.19 195637.69 197357.23 198926.19 201382.30 204917.45 208423.83 210706.06 211779.91 211361.20 208808.66 207134.89 208084.38 208975.02 208195.53 207420.05 207864.78 208991.58 210167.34 210901.25 211106.92 210912.88 210591.11 210465.56 210132.09 209577.20 209439.84
141260.16 145896.83 150180.75 153749.19 156409.70 158349.50 159919.89 161033.56 161687.47 162065.52 162111.80 162425.31 162902.86 162533.53 162366.34 162944.61 163589.39 164583.89 165802.42 167022.03 168681.91 170420.75 172024.66 173987.30 176132.42 178149.05 180269.72 182580.41 184711.50 186604.70 188343.36 190520.72 192703.20 193679.38 194670.83 196327.62 197919.67 200040.19 203145.72 206479.83 208802.17 209963.44 209810.22 207996.52 206816.22 207569.59 208122.98 207128.27 206082.77 206308.58 207162.91 207925.16 208462.91 208620.94 208532.16 208697.08 209072.59 209029.27 208794.09 209438.94
140912.53 145373.16 149552.48 153089.42 155725.41 157593.16 159051.83 160165.42 161006.25 162057.11 163163.55 164068.23 164735.02 164960.64 165474.20 166622.67 167717.08 168684.55 169401.25 169665.50 170726.23 172575.67 174355.56 176305.78 178294.84 180215.06 182400.80 184431.94 186070.33 187352.44 188230.88 190856.11 193745.77 193602.92 193492.55 195051.38 196651.11 198256.38 200535.64 203297.91 205471.39 206897.62 207417.39 206756.33 206265.55 206848.30 207110.42 205958.05 204703.34 204677.66 205110.58 205296.58 205564.11 205705.66 205783.03 206489.00 207376.80 207655.97 207841.83 209378.91
140698.69 144968.69 149027.47 152876.25 155824.28 157272.50 158266.42 159377.52 160402.69 161870.03 163785.44 166012.52 167610.47 168195.02 169151.20 170666.47 172004.42 172268.66 171804.72 172356.27 174057.38 175306.66 176543.56 178322.89 179993.23 181869.42 184172.50 186314.16 187853.77 188602.56 188704.42 189684.38 191191.72 191434.47 191728.20 193203.72 194825.09 196441.34 198406.67 200213.11 201850.02 203818.12 205294.00 205832.95 206095.20 206045.14 205589.91 204695.77 203659.23 203025.30 202667.06 202470.59 202623.81 202961.91 203394.53 204238.61 205228.41 205975.89 206737.48 208304.47
140528.77 144617.69 148537.08 152670.88 155917.38 156998.52 157640.23 158853.38 160090.81 161773.03 164097.33 167257.23 169616.00 170524.92 171836.22 173628.75 175169.78 174924.86 173705.53 174969.16 177502.80 178096.45 178667.77 180147.59 181425.95 183146.28 185352.08 187393.56 188733.83 189053.58 188622.06 188206.02 188452.61 189108.55 189849.41 191281.50 192941.95 194731.98 196735.11 197922.56 199141.11 201405.25 203373.58 204665.14 205483.41 204837.89 203755.61 203246.08 202574.53 201571.20 200750.75 200463.75 200630.62 201112.58 201770.38 202597.78 203562.72 204632.05 205771.77 207196.28
141026.64 144659.72 148097.16 151636.53 154360.70 156409.17 158118.48 159255.75 160434.98 161970.22 164055.09 166897.92 169060.81 170359.05 172008.92 174095.59 175951.80 176178.34 175546.86 176306.50 178080.16 179176.67 180162.02 181475.00 182540.55 183894.16 185633.12 188172.27 190102.91 189230.64 187716.16 187419.72 187734.75 188021.45 188527.86 189811.31 191279.12 192915.16 194682.59 195990.38 197419.44 199353.47 201030.77 202577.17 203668.03 203143.19 202218.75 201827.86 201252.59 200347.38 199560.00 199628.77 200161.92 200528.12 201122.52 202112.20 203245.23 204128.08 205072.47 207344.61
141532.80 144663.67 147518.56 150363.56 152519.73 155568.03 158417.88 159554.27 160714.38 161992.11 163582.30 165847.89 167689.69 169328.23 171227.17 173531.67 175693.70 176605.70 176978.28 177639.38 178834.84 180408.41 181744.00 182805.97 183571.45 184397.44 185423.77 188237.77 190666.09 188709.41 186344.50 186416.16 186954.47 187035.16 187573.02 188956.06 190341.25 191715.64 192997.75 194145.30 195585.08 197085.77 198403.80 200167.23 201518.64 201151.22 200473.48 200308.19 199919.86 199136.50 198341.70 198708.78 199580.48 199861.30 200460.61 201693.27 203062.34 203795.11 204555.42 207672.86
141347.34 144439.12 147173.91 149579.86 151423.00 153997.36 156513.66 158156.58 159802.94 161606.30 163481.58 165340.62 167027.31 168829.38 170814.00 173059.34 175256.23 176899.98 178321.98 179812.25 181349.22 183718.05 185703.92 185447.73 184841.55 185319.44 185821.78 186635.91 187309.97 186162.27 184856.23 184924.67 185318.75 185759.67 186887.33 188517.84 189947.95 191281.66 192267.86 192536.67 193257.66 194669.98 195983.56 197346.92 198372.28 198900.98 199226.72 199153.70 198825.80 198276.36 197581.45 197190.72 197328.61 198709.62 200511.02 201308.17 202238.02 203342.61 204435.77 206760.33
141173.14 144276.92 146995.11 149063.84 150639.81 152707.38 154816.23 156887.42 158974.09 161401.52 163798.34 165484.08 167104.16 169092.44 171252.06 173533.98 175806.70 178004.95 180094.73 182034.19 183739.89 186905.47 189544.50 187970.81 185987.47 186190.08 186344.30 185343.38 184363.48 183972.05 183578.61 183501.30 183710.00 184457.36 186002.00 187696.83 189087.34 190450.70 191290.23 190817.92 190855.42 192117.09 193348.30 194243.38 194909.28 196311.33 197601.58 197588.45 197317.72 197067.86 196592.66 195559.86 195017.14 197487.72 200466.28 200805.39 201292.84 202795.66 204262.98 205830.94
140088.61 143265.55 146155.52 148694.27 150676.92 152708.52 154776.47 156904.17 159148.44 162325.72 165487.95 166711.92 167853.94 170042.72 172415.03 175301.36 178199.84 180470.53 182579.08 184375.22 185839.38 187927.36 189365.25 188348.31 186855.33 186303.78 185703.80 184586.95 183583.67 182965.78 182433.97 182319.94 182515.75 183100.23 184392.89 186050.69 187486.56 188389.56 188766.98 188950.75 189523.11 190166.34 190925.89 192058.17 192990.55 193786.52 194414.11 194531.55 194538.36 194479.86 194186.98 193648.84 193496.12 195155.16 197387.25 198510.84 199815.66 201842.02 203854.86 205502.42
139112.61 142461.30 145720.55 148922.83 151399.44 153322.36 155185.61 157194.98 159491.42 163375.89 167261.19 167979.30 168595.11 170902.17 173366.88 176736.47 180175.30 182466.33 184550.59 186174.12 187385.97 188415.19 188699.58 188302.78 187366.47 186115.00 184802.55 183606.73 182620.62 181833.23 181231.53 181140.95 181356.62 181687.39 182512.31 183914.53 185296.31 185844.42 185993.81 187075.16 188309.95 188459.47 188980.92 190573.20 191863.61 191907.22 191564.28 191499.61 191622.83 191746.08 191658.08 191646.22 191900.30 192739.83 194202.75 196080.48 198171.94 200724.95 203326.20 205099.48
139088.39 142647.89 146311.53 149723.80 152234.95 154008.95 155609.66 157393.11 159623.16 162804.77 165998.84 167848.00 169576.67 172042.62 174629.72 177268.22 180034.75 182825.78 185378.97 187358.92 188873.44 189443.56 189208.14 188693.05 187590.67 185959.45 184252.38 182778.77 181590.38 180696.67 180070.27 179862.59 179947.23 180138.45 180606.92 181600.56 182780.00 183607.23 184189.12 184901.28 185539.23 186134.41 187345.39 189293.42 190806.78 190723.09 190017.77 189565.92 189596.11 189994.42 190213.47 190277.05 190509.03 191231.84 192610.72 194566.70 196761.38 200220.20 203791.28 205239.56
139210.61 142917.55 146815.94 150262.55 152727.16 154404.80 155851.92 157500.81 159664.77 162065.91 164482.25 167375.69 170139.14 172709.70 175381.39 177242.95 179258.48 182452.73 185396.95 187681.11 189479.61 189612.34 188917.84 188379.06 187234.05 185372.11 183427.38 181814.53 180518.02 179548.73 178881.33 178520.33 178444.31 178576.59 178888.25 179677.58 180748.77 181784.36 182652.34 182875.38 182924.91 183972.52 185747.23 187893.44 189541.23 189421.06 188571.27 187933.69 187912.80 188480.88 188887.14 188928.16 189098.08 189694.02 190958.34 192944.33 195179.20 199441.75 203846.00 204844.12
139546.47 143250.17 146983.72 150035.66 152268.67 153981.30 155523.73 157752.20 160419.33 162443.92 164481.08 166970.66 169345.80 172373.91 175547.91 177554.42 179643.61 182128.84 184325.45 186377.25 187989.23 188402.38 187989.42 187483.41 186398.03 184450.55 182411.06 180726.16 179336.58 178297.66 177544.58 177078.20 176892.92 176941.09 177190.30 178749.77 180601.41 180788.89 181036.09 182092.45 182774.45 183185.67 184002.58 185368.73 186555.11 186848.06 186610.36 186353.81 186556.02 187027.64 187282.34 187700.30 188267.72 188649.41 189656.17 191617.22 193819.69 197046.42 200429.80 202529.86
140189.06 143721.12 146928.50 149226.34 151064.62 152876.91 154655.41 157599.00 160818.97 162444.73 164085.05 166169.52 168182.92 171761.16 175580.33 177856.19 180057.03 181765.45 183102.05 184816.45 186196.11 186892.41 186775.30 186339.47 185386.20 183443.08 181383.23 179674.70 178203.45 177066.92 176171.19 175523.53 175143.80 175035.89 175176.84 177482.64 180108.61 179670.56 179790.47 182186.34 183761.61 183264.88 182460.06 182372.77 182797.59 183713.69 184544.02 185152.64 185872.70 186324.67 186431.27 187197.84 188144.36 188267.97 188902.75 190680.86 192676.34 194700.41 196917.45 200007.02
140848.14 143906.84 146289.12 148047.30 149706.89 152071.28 154533.09 156709.92 159002.36 161385.77 163793.69 165622.42 167438.50 170555.33 173991.42 176617.70 179002.58 180891.05 182323.78 183770.05 184993.84 185589.88 185408.59 184901.17 183945.06 182489.72 180883.59 179005.06 177280.23 176009.89 174915.92 174061.67 173456.66 174026.38 174900.92 175438.47 176345.80 177143.89 179010.78 181875.97 183479.38 182780.38 181057.38 179771.47 179679.56 180866.31 182440.97 184096.00 185523.58 186427.66 186846.20 187032.72 187397.95 187785.77 188527.16 189980.23 191609.14 193394.56 195417.89 197687.88
140819.44 143557.70 145466.41 147038.95 148681.28 151525.31 154512.23 155765.55 157062.91 160217.67 163418.92 165024.05 166676.23 169297.06 172232.14 175083.86 177596.86 179705.92 181318.72 182579.91 183686.28 184210.64 184028.47 183519.88 182610.17 181672.14 180545.81 178514.48 176538.61 175121.31 173806.00 172715.98 171854.22 173059.59 174615.64 173340.80 172511.86 174341.12 177504.72 180393.84 181835.77 181280.25 179372.06 177617.58 177345.75 178653.03 180633.34 183005.09 185017.34 186465.45 187338.14 187075.30 186916.50 187560.44 188384.00 189469.98 190671.62 192140.91 193888.23 195266.59
139939.44 142719.08 144722.36 146394.25 148104.33 150429.38 152940.78 155087.06 157217.47 159454.78 161708.52 163640.72 165734.97 168520.28 171508.36 174108.97 176377.31 178450.58 180067.06 181231.08 182218.36 182821.92 182817.36 182392.66 181584.66 180673.02 179563.38 178234.69 176834.86 174993.25 173173.72 171798.89 170637.50 170521.55 170752.84 169926.08 169673.02 171465.25 174459.88 177270.91 178849.17 178614.20 177257.88 175951.50 175856.94 177264.62 179347.48 182186.77 184816.48 186054.41 186761.66 187051.39 187233.02 187842.12 188471.39 189215.67 189991.69 190758.47 191785.28 193009.94
