3 Generate/106274953.asc
nrows 512
ncols 512
xllcenter 0.000000
yllcenter 0.000000
cellsize 5.000000
NODATA_value  -9999
[rows 405 to 431 of 512, columns 0 to 59 of 512]
136852.19 137359.19 138285.00 139139.34 139399.16 138322.06 136732.56 135577.59 135029.62 135292.16 135840.14 135986.31 136359.36 137230.39 137991.52 138542.25 138719.23 139435.50 139893.17 139171.48 138209.62 136130.72 134048.84 132942.33 132341.33 132902.50 133848.23 134471.81 135076.23 135394.34 135603.62 136075.94 136484.34 137332.95 138792.56 140158.72 141630.62 143616.02 146074.06 148994.47 152275.72 155613.66 158645.12 161225.67 164086.69 167542.64 170830.28 173493.27 175576.22 177444.28 178751.45 179111.56 179271.06 179626.78 179742.36 179247.39 178666.19 178343.72 177939.97 177234.72
137335.42 137516.27 137804.39 137986.55 137901.11 137279.20 136465.55 135948.91 135763.28 136333.39 137308.44 137715.61 138259.47 139156.80 139780.50 140172.06 140252.34 141792.55 143041.33 140784.86 138267.64 136908.47 135650.72 134444.98 133677.34 133666.14 133893.22 134377.05 134958.42 135395.31 135776.75 136333.34 136826.47 137776.67 139216.62 140076.25 141085.19 142814.33 144896.97 147482.83 150492.22 153661.98 156717.02 159271.11 161906.75 165051.42 168113.67 170823.47 173019.39 174419.73 175228.11 176119.64 176929.56 177409.84 177702.66 177634.61 177432.77 177451.38 177450.34 176896.42
137636.28 137530.44 137229.47 136906.98 136648.02 136475.77 136431.31 136346.39 136310.06 136950.34 138103.98 139088.88 140115.98 141022.78 141494.44 141868.53 142002.50 142635.62 142952.92 141258.03 139284.48 138036.62 136991.38 135866.00 135102.45 134904.34 134806.17 135041.53 135494.12 135753.12 136007.70 136489.45 136900.47 138088.95 139636.00 140103.58 140759.11 142059.16 143593.17 146267.73 149433.08 152164.08 154982.73 157441.83 159788.78 162692.08 165598.75 168220.30 170388.67 171962.70 172913.08 173449.23 174023.59 174678.66 175201.42 175489.88 175600.97 175799.36 176033.47 175973.73
137597.09 137355.08 136798.89 136313.67 136054.95 136226.28 136677.16 136743.77 136731.17 137397.20 138620.64 140063.56 141496.56 142434.27 142850.30 143313.08 143551.56 143284.22 142686.61 141578.88 140181.28 139035.00 138135.02 137013.83 136217.86 135894.86 135611.45 135746.45 136156.17 136251.59 136369.50 136758.58 137077.91 138534.66 140252.06 140383.39 140693.53 141574.86 142620.67 145448.72 148794.45 150986.94 153366.84 155538.91 157528.41 160207.05 162955.17 165477.53 167611.23 169393.84 170563.36 170818.83 171185.03 171986.19 172691.12 173292.45 173700.64 174056.59 174468.25 174838.91
137217.55 137260.25 137089.53 136602.16 136305.33 136495.02 136936.89 137331.47 137678.14 138310.86 139442.23 140751.39 142063.00 143162.59 143843.77 145254.19 146304.97 145155.16 143583.55 142422.45 141072.08 139625.22 138409.16 137431.73 136767.55 136612.80 136502.61 136271.09 136303.97 136858.41 137539.69 137758.36 137832.97 138862.62 140049.81 140246.34 140626.59 141356.91 142252.75 144468.88 147148.58 149072.42 151123.95 153744.09 156312.39 159194.12 162361.19 164413.67 165950.19 167573.67 168517.17 169239.44 170190.36 170668.77 171040.17 171737.27 172304.36 172826.94 173361.86 173826.25
136447.95 136844.66 137215.72 136891.50 136653.28 136859.86 137241.62 137903.05 138577.31 139120.17 140031.14 141057.53 142128.83 143427.00 144566.25 147139.02 149104.81 146991.20 144272.70 142905.11 141579.08 139903.14 138425.48 137627.02 137108.38 137126.92 137194.08 136590.00 136220.16 137289.23 138706.62 138937.39 138851.94 139419.25 140004.70 140209.66 140669.33 141340.42 142212.34 143929.62 145997.25 147590.30 149176.28 152131.19 155288.17 158648.31 162704.06 164729.89 165864.97 167213.84 167669.84 168573.59 169922.34 169945.91 169818.39 170467.94 171128.48 171774.20 172344.69 172810.28
135158.09 135495.12 136002.06 136221.03 136423.33 136949.19 137569.17 137990.83 138476.25 139145.45 140031.42 140980.06 142010.06 143449.36 144997.78 147158.92 148488.66 147282.25 145307.72 143145.56 141262.88 139917.00 138730.44 138001.77 137500.12 137564.84 137671.98 136862.02 136252.59 137153.48 138627.03 139508.34 139911.03 140120.31 140225.70 140208.06 140523.47 141305.25 142320.27 143741.12 145386.42 146706.12 147907.88 149920.31 152395.06 155873.72 160446.72 163972.77 166204.14 167305.38 167275.42 167378.59 168133.62 168538.41 168754.47 169255.72 169931.44 171111.33 172123.66 172258.08
133986.39 134204.33 134716.92 135349.64 135935.45 136819.91 137758.77 138017.50 138340.98 139150.97 140056.95 140966.45 141951.31 143375.31 145037.20 146500.56 147066.95 146876.47 145885.66 143176.02 140866.62 139886.86 139032.17 138407.55 137940.11 138040.80 138158.05 137108.52 136238.03 136867.02 138181.45 139500.59 140294.86 140202.05 139954.02 139850.17 140106.25 141005.55 142131.16 143220.36 144442.03 145616.84 146685.78 148013.55 149953.22 153426.98 158176.80 162848.67 166011.69 166946.02 166605.97 166073.31 166281.62 167056.98 167652.02 168046.78 168746.00 170467.91 171964.75 171810.11
133847.72 133941.20 134333.86 134958.52 135619.61 136533.19 137618.06 138442.02 139173.25 140101.64 141108.11 142008.92 142878.73 144131.78 145388.66 146343.83 146706.48 145966.75 144590.80 142890.03 141515.94 140875.38 140414.39 139620.52 138825.56 138570.59 138204.52 137108.42 136270.34 136617.39 137570.83 138573.33 139194.38 139206.06 139099.81 139109.70 139432.19 140331.12 141403.45 142444.72 143577.00 144490.17 145474.67 147052.36 149221.69 152850.08 157556.09 161778.64 164643.09 165647.95 165464.34 165112.06 165350.88 165886.45 166310.03 166686.53 167434.70 168916.80 170176.11 171418.36
134015.41 133923.22 134058.55 134530.09 135182.80 136215.58 137681.44 139307.39 140542.31 141642.12 142895.61 143942.81 144776.34 145626.73 145953.17 145872.38 145792.08 144594.53 143030.23 142529.89 142166.66 141929.19 142027.81 141237.30 140198.61 139509.42 138479.28 137158.45 136282.80 136268.94 136662.72 137145.09 137499.78 137649.39 137760.09 137963.73 138399.88 139303.61 140314.91 141307.80 142377.59 143142.12 144228.61 146231.53 148709.03 152290.91 156508.31 159835.33 162197.00 163415.56 163707.55 163856.03 164272.72 164594.47 164896.20 165294.86 166089.41 167326.77 168381.02 171056.67
135089.83 134406.14 133862.39 134123.80 134703.59 136087.03 138166.08 140294.08 141741.88 142951.72 144412.80 145748.03 146696.48 146725.08 145699.23 144630.14 144139.83 143602.56 142950.27 142332.12 141656.31 141816.86 142477.17 142536.84 142120.86 140794.12 138906.34 137319.98 136368.62 135987.31 135810.14 135873.84 136051.36 136251.75 136491.75 136834.55 137334.66 138075.97 138868.81 139794.44 140797.97 141859.05 143466.42 145540.56 147958.50 151123.59 154480.83 157419.44 159796.91 161115.14 161782.38 162324.73 162813.80 163268.69 163784.55 164309.28 165230.45 166447.53 167528.05 169440.03
136148.34 134915.73 133780.03 133902.83 134404.62 135953.30 138316.89 140626.30 142125.52 143364.80 144903.77 146420.28 147473.23 146986.91 145204.61 143728.19 143090.61 143104.75 143114.91 142111.77 140961.28 141371.39 142356.81 143049.91 143167.30 141311.88 138796.91 137185.30 136295.03 135689.86 135195.42 135082.16 135190.28 135405.70 135696.33 136099.39 136626.30 137224.16 137849.84 138776.91 139784.97 141113.58 143085.39 145045.25 147286.89 150183.28 153070.08 156021.50 158597.81 159884.86 160648.92 161320.58 161793.12 162404.08 163110.84 163713.06 164707.73 165833.16 166844.56 167905.92
134136.70 133776.00 133538.47 133615.56 134022.25 135526.67 137838.52 140458.23 142292.06 143083.28 144018.89 145336.41 146349.25 146112.06 144731.00 143367.58 142691.75 142494.27 142294.16 141569.42 140703.11 140743.02 141281.66 141672.42 141557.97 140276.31 138405.14 136670.58 135579.62 135374.92 135314.78 134967.33 134812.27 134998.69 135249.08 135656.59 136199.27 136855.31 137593.14 138607.19 139649.83 140884.09 142755.08 144705.92 146916.11 149743.38 152488.52 155119.78 157473.30 158718.08 159481.05 160325.70 160961.61 161604.16 162320.84 162910.53 163883.69 165143.50 166304.55 167457.92
132095.00 132632.89 133344.56 133408.23 133690.06 135064.47 137231.75 140083.11 142208.33 142377.94 142351.89 143115.75 143926.39 144087.61 143440.89 142525.31 141965.31 141560.84 141159.31 140728.31 140169.19 139791.42 139743.73 139687.91 139279.91 138651.11 137584.97 135882.69 134651.83 134864.67 135297.02 134777.45 134388.19 134534.45 134720.05 135107.75 135655.69 136424.69 137394.31 138616.23 139751.84 140891.45 142643.94 144544.17 146650.75 149242.09 151593.73 153673.02 155696.48 156930.09 157782.64 158916.56 159823.94 160574.75 161348.81 161948.17 162900.91 164301.98 165655.34 166987.45
132317.53 132491.44 132870.83 133139.00 133506.42 134829.30 136934.08 139170.73 140755.91 140901.47 140514.44 141015.52 141917.14 141896.69 141406.33 140908.41 140436.03 140688.33 140955.44 140377.44 139687.45 138950.34 138373.27 138141.23 137705.00 137048.98 136101.91 135004.38 134203.72 133968.56 134028.47 133854.02 133751.48 133890.22 134043.97 134345.98 134833.67 135686.33 136859.22 139129.94 141200.45 141425.25 142215.62 144433.73 146796.45 148598.33 150008.59 151561.66 153300.92 154897.95 156240.22 157512.59 158549.19 159336.67 160088.19 161160.69 162531.33 163607.31 164730.28 166275.14
132810.12 132570.84 132507.00 132861.05 133242.25 134494.05 136531.25 138152.36 139190.95 139458.14 139046.67 139623.17 140766.97 140408.95 139739.44 139325.88 138791.36 139709.00 140661.42 139955.61 139150.86 138142.25 137213.33 136981.05 136600.02 135846.16 134853.70 134194.34 133746.23 133027.14 132639.00 132734.62 132885.03 133027.64 133174.72 133416.58 133856.89 134741.95 136003.19 139208.06 142163.23 141454.44 141234.44 143713.70 146288.20 147347.84 147959.83 149135.28 150654.25 152596.28 154401.45 155794.00 156967.33 157830.70 158611.78 160201.39 162004.61 162786.91 163762.98 165619.23
132926.67 132794.53 132751.12 133007.14 133270.89 134018.09 135464.28 136743.28 137597.36 137864.78 137555.42 138631.69 140195.56 139508.20 138588.38 138512.86 138253.48 138421.36 138670.06 138310.92 137840.89 137371.83 136881.86 136304.36 135653.97 135293.22 134757.95 133764.05 132883.39 132459.12 132364.06 132357.22 132423.47 132403.45 132322.36 132625.81 133196.31 133917.20 134988.41 137701.86 140197.41 140566.86 141294.20 142487.19 143778.25 145012.23 145898.41 147425.36 149293.84 150692.47 152036.45 153575.86 154948.25 156076.31 157103.27 158500.75 160000.70 161207.00 162784.75 164970.72
132920.44 132887.69 132849.06 132995.00 133144.55 133301.11 133947.42 134669.95 135237.27 135587.27 135569.73 137335.17 139401.09 138447.66 137427.03 137841.42 137927.91 137368.75 136960.73 136993.91 136877.88 136850.56 136588.17 135455.66 134443.39 134569.23 134691.89 133565.73 132350.50 132227.31 132425.94 132314.59 132295.30 132046.61 131592.42 131813.20 132449.95 132980.88 133801.83 135963.03 137971.34 139387.47 140995.12 140841.58 140838.08 142352.00 143708.56 145774.02 148071.61 148893.66 149708.95 151319.14 152831.94 154197.47 155463.06 156670.12 157866.12 159483.11 161634.59 164108.47
132739.67 132745.00 132664.17 132381.34 132102.33 131991.06 132154.83 132590.77 133125.80 133428.08 133570.03 134744.16 136031.45 136441.92 136952.23 137191.73 136963.27 136536.20 136325.88 137070.39 137625.83 137049.64 136025.83 134425.91 133144.44 133182.27 133393.64 132912.44 132141.17 131987.50 132145.83 131922.66 131804.42 131507.56 130862.00 130630.16 130963.56 131578.33 132422.17 133982.14 135453.00 137490.72 139575.81 138950.70 138534.77 140250.23 141990.16 143556.92 145222.81 146440.70 147674.02 149407.70 151105.23 152605.97 154016.86 155283.72 156451.97 158391.50 160985.59 163322.56
132279.78 132348.48 132286.75 131651.56 131013.90 130792.71 130743.98 131147.97 131762.92 131923.81 132020.30 132396.00 132804.89 134499.75 136378.84 136284.41 135669.95 135350.80 135280.70 136674.11 137862.23 136815.72 135226.27 133359.81 131902.52 131772.42 131895.80 131887.95 131496.69 131339.06 131484.88 131171.81 130963.56 130686.33 129998.66 129464.41 129565.00 130295.50 131227.42 132249.95 133210.55 135926.44 138625.28 137687.28 136981.98 138903.83 140925.30 141868.56 142838.67 144440.94 146064.16 147867.52 149661.66 151178.67 152613.22 153844.33 154943.66 157156.38 160073.11 162110.45
132351.20 131968.11 131443.47 131098.70 130726.76 130229.49 129877.80 130034.85 130424.76 130725.63 131071.64 131579.23 132021.28 133074.67 134241.44 134354.42 134055.75 134062.78 134303.88 134923.31 135363.30 134609.23 133321.19 131820.38 130720.29 130745.48 131170.97 131564.70 131429.45 131328.12 131350.59 130474.09 129857.58 129645.16 129081.94 128697.39 128890.82 129897.94 131079.44 131710.42 132309.45 134177.50 136041.64 136105.59 136393.31 137957.81 139602.30 140738.67 141878.36 143450.25 145033.45 146589.84 148122.89 149516.95 150824.20 151994.52 153068.47 154935.72 157528.97 159898.16
132475.45 131648.36 130676.97 130636.05 130528.90 129724.00 129015.75 128875.87 129020.91 129571.70 130403.40 131277.08 131856.58 132178.56 132440.03 132568.73 132499.88 132813.36 133320.86 133122.02 132795.69 132344.88 131377.12 130260.16 129525.74 129855.74 130915.01 132048.75 132340.41 132152.59 131700.56 129902.30 128713.45 128619.55 128296.34 128171.52 128494.59 129727.77 131075.91 131236.61 131436.12 132469.67 133540.36 134662.28 136000.52 137256.14 138560.45 139912.23 141226.33 142753.77 144263.17 145518.48 146715.19 147889.11 148966.72 149994.53 151007.97 152543.61 154833.83 157519.50
131229.09 131181.42 130984.50 130401.98 129714.34 129128.09 128591.34 128091.12 127931.85 128608.80 129800.51 131009.75 131694.92 131806.41 131683.12 131445.62 131225.23 131345.36 131619.64 131740.11 131785.12 131190.81 130096.47 129093.29 128453.45 129048.88 130709.48 132440.09 133017.77 132360.39 131048.80 129367.09 128637.31 128199.41 127647.69 127677.38 128022.45 128911.38 129856.66 130506.41 131270.09 131913.97 132650.94 133922.98 135409.03 136878.67 138361.39 139695.53 140937.22 142232.08 143459.31 144618.86 145677.88 146530.25 147283.58 148072.00 148948.52 150435.14 152669.02 155206.42
130015.87 130736.92 131291.11 130144.29 128867.19 128523.02 128207.23 127398.12 126963.49 127668.14 128991.55 130306.80 130996.05 130987.96 130673.52 130262.38 129978.30 129927.77 130017.20 130505.17 130943.23 130197.98 128960.16 128053.39 127499.14 128217.39 130168.87 132188.30 132916.70 131968.44 130179.69 128995.07 128897.03 128054.67 127139.99 127186.80 127484.30 128045.20 128637.95 129828.09 131175.14 131420.55 131816.45 133236.28 134876.77 136576.83 138257.14 139589.03 140762.77 141806.47 142711.80 143729.28 144611.91 145126.20 145558.22 146116.86 146861.08 148235.52 150271.98 152508.38
129852.65 130682.98 131480.78 130500.62 129217.73 128483.24 127596.55 126561.58 126095.73 126657.80 127741.57 128856.35 129442.55 129503.59 129401.84 129204.04 129023.66 128956.71 128991.09 129329.15 129666.21 129441.01 128740.83 127524.82 126640.25 127497.52 129411.73 130938.63 131381.23 130526.03 128956.79 128051.33 128055.71 127342.38 126559.56 126720.93 127103.73 127636.60 128215.26 129127.00 130198.47 130725.59 131470.20 132868.44 134484.73 136197.28 137891.92 139321.47 140495.48 141604.55 142472.38 142948.83 143288.62 143886.67 144469.48 144635.22 145033.64 146174.55 147764.80 149515.70
129793.06 130895.54 132296.91 131847.50 130733.69 129444.83 127606.78 125965.29 125303.41 125645.62 126301.47 127026.99 127432.05 127706.09 128115.19 128425.73 128482.88 128354.03 128231.72 128317.43 128504.59 128813.17 128685.00 127194.13 125992.53 126781.05 128204.50 128783.40 128726.05 128093.37 127044.67 126722.70 126968.52 126405.97 125802.39 126125.45 126613.84 127127.23 127711.70 128362.34 129159.82 129967.82 131071.03 132452.98 134031.17 135758.09 137508.20 139083.53 140279.91 141435.61 142229.38 142135.39 141934.38 142678.86 143516.58 143386.70 143481.98 144321.86 145323.31 146458.09
129794.86 130579.79 132002.64 132692.05 132359.70 130788.87 128272.43 125786.01 124686.80 124867.69 125155.23 125523.00 125777.20 126169.09 126990.68 127936.30 128352.09 128287.59 128133.10 127762.70 127595.16 127741.47 127488.89 126556.16 125870.95 125945.28 126225.75 126267.45 126119.09 125858.88 125483.98 125510.32 125770.70 126264.82 126748.45 126155.33 125671.38 126078.32 126578.91 127565.07 128679.95 129406.63 130491.53 131781.58 133242.03 135110.84 137050.75 138765.86 139995.86 140812.11 141166.53 140949.19 140661.47 140954.86 141443.38 141697.27 142148.12 142676.91 143115.61 143755.41
