3 Generate/106316750.asc
nrows 512
ncols 512
xllcenter 0.000000
yllcenter 0.000000
cellsize 5.000000
NODATA_value  -9999
[rows 364 to 391 of 512, columns 192 to 255 of 512]
7358.10 7492.19 7670.69 7928.09 8199.43 8404.99 8605.46 8717.41 8796.24 8852.08 8869.93 8913.44 8947.67 8965.69 8980.36 9015.42 9084.17 9191.97 9329.52 9479.58 9642.49 9807.18 9969.90 10127.16 10254.33 10370.92 10482.06 10595.75 10677.53 10656.21 10613.32 10615.71 10661.72 10784.10 10905.30 10936.20 10958.61 11043.16 11146.32 11233.82 11267.99 11268.65 11293.04 11335.57 11430.81 11728.84 12018.27 12039.69 12012.02 12000.19 11995.78 12015.49 12031.29 12115.47 12201.94 12322.19 12436.24 12277.94 12032.09 11894.44 11741.07 11619.93 11634.90 11809.61
7330.01 7420.61 7551.05 7867.12 8204.76 8300.18 8384.38 8563.72 8707.80 8729.35 8708.50 8739.22 8759.03 8751.92 8754.45 8800.22 8877.92 8988.86 9127.72 9277.47 9448.67 9619.22 9786.40 9969.16 10125.28 10264.28 10404.34 10518.75 10591.47 10597.78 10572.34 10617.54 10710.28 10750.30 10797.35 10869.75 10935.19 11042.32 11159.81 11300.93 11385.80 11296.44 11208.30 11198.76 11223.21 11366.12 11507.50 11510.85 11501.88 11536.00 11624.15 11757.51 11896.34 12065.75 12217.92 12377.27 12493.41 12364.63 12130.35 11940.14 11727.76 11649.05 11724.19 11786.66
7369.30 7408.75 7474.27 7832.15 8228.47 8210.53 8171.64 8412.12 8620.03 8610.90 8556.51 8579.89 8589.83 8570.65 8584.84 8664.29 8761.19 8869.03 8995.02 9129.54 9300.41 9470.51 9631.79 9829.47 10007.42 10172.58 10354.88 10483.61 10551.93 10575.86 10549.60 10620.05 10751.68 10709.59 10682.79 10796.45 10903.66 11026.22 11145.11 11327.64 11458.38 11291.27 11117.37 11085.15 11058.95 11053.80 11047.62 11030.54 11038.71 11120.12 11302.31 11547.26 11799.83 12035.32 12229.45 12407.77 12517.67 12420.47 12202.57 11966.14 11701.43 11683.05 11849.31 11828.89
7294.83 7369.18 7455.17 7740.44 8081.04 8132.40 8153.80 8300.49 8418.72 8444.40 8423.25 8443.08 8447.13 8462.82 8534.79 8604.96 8676.12 8834.47 9000.18 9103.06 9256.45 9387.81 9504.46 9691.92 9866.47 10066.71 10300.45 10459.15 10539.24 10587.86 10568.56 10527.30 10561.80 10573.42 10606.76 10729.14 10845.04 10991.86 11121.76 11206.13 11245.28 11142.26 11032.44 11037.28 11022.78 10900.16 10774.18 10714.08 10708.49 10821.17 11070.61 11412.82 11761.24 12036.87 12250.66 12449.88 12566.29 12466.35 12235.15 11964.11 11660.20 11698.77 11951.20 11924.65
7174.52 7290.50 7411.41 7637.87 7927.35 8048.90 8136.54 8196.95 8231.05 8295.37 8312.42 8334.82 8340.40 8389.30 8504.65 8549.14 8586.76 8800.79 9016.99 9097.97 9235.71 9326.65 9400.07 9578.37 9746.79 9968.74 10231.65 10398.52 10478.54 10555.93 10557.42 10419.21 10363.46 10426.37 10513.73 10636.86 10753.55 10922.85 11069.45 11063.56 11015.92 10977.10 10933.00 10984.52 11005.65 10802.33 10594.08 10520.21 10512.67 10642.24 10923.03 11315.84 11713.58 11992.74 12201.39 12407.55 12526.27 12427.87 12194.21 11904.06 11579.15 11681.57 12010.76 11963.99
7178.76 7256.49 7318.75 7452.17 7666.67 7834.35 7981.79 8097.12 8174.42 8226.70 8223.96 8214.61 8199.16 8234.02 8329.30 8413.45 8494.33 8626.13 8761.76 8860.60 9012.49 9176.91 9328.19 9483.02 9625.02 9825.81 10058.70 10233.24 10330.42 10377.58 10359.47 10262.78 10237.20 10385.00 10552.57 10622.32 10689.05 10800.62 10893.53 10906.52 10876.20 10870.82 10859.23 10906.00 10926.57 10715.19 10498.49 10442.65 10450.32 10557.74 10810.52 11214.13 11625.49 11895.02 12111.98 12325.25 12436.10 12366.13 12150.72 11832.69 11494.53 11454.56 11611.43 11623.91
7307.20 7326.20 7283.87 7276.31 7389.09 7607.84 7836.56 8029.84 8159.91 8190.23 8149.35 8092.39 8053.30 8076.18 8146.11 8262.76 8383.29 8434.57 8492.68 8610.82 8773.68 9009.22 9241.46 9377.25 9494.31 9663.80 9846.28 10008.79 10115.05 10144.23 10131.71 10101.37 10117.24 10345.04 10581.45 10585.06 10592.83 10644.68 10686.80 10723.30 10713.55 10742.05 10763.03 10807.57 10835.21 10626.98 10412.11 10381.78 10407.55 10486.97 10697.87 11095.89 11507.47 11774.74 12029.24 12281.38 12399.08 12347.23 12129.13 11766.05 11415.58 11219.12 11153.30 11170.97
7450.25 7424.96 7290.46 7315.90 7500.15 7622.05 7784.50 7998.92 8126.61 8142.89 8074.19 8021.67 8011.95 8012.28 8045.78 8132.72 8228.82 8304.35 8388.07 8502.02 8651.71 8884.94 9125.06 9388.07 9627.82 9651.73 9670.16 9807.43 9909.84 9946.13 9964.25 9996.58 10049.85 10191.98 10330.20 10366.64 10414.05 10446.79 10479.36 10559.15 10591.40 10577.77 10557.80 10577.80 10590.92 10462.91 10325.86 10315.09 10350.21 10466.23 10697.34 11015.16 11351.51 11629.39 11935.14 12279.23 12459.38 12342.07 12041.44 11665.09 11335.41 11122.52 10972.84 10899.37
7515.08 7463.50 7276.05 7372.89 7644.06 7652.43 7716.17 7919.79 8029.80 8041.17 7966.84 7941.83 7973.18 7958.40 7969.33 8039.95 8117.63 8213.75 8314.83 8415.67 8546.63 8770.86 9007.41 9386.58 9743.54 9630.40 9504.85 9637.21 9745.14 9777.84 9802.99 9874.37 9954.33 10014.07 10061.06 10136.97 10226.21 10235.26 10250.21 10365.78 10437.33 10386.76 10336.26 10342.91 10349.01 10304.76 10248.01 10258.21 10303.15 10458.58 10715.71 10958.30 11219.64 11487.56 11803.68 12199.69 12424.15 12255.92 11905.45 11549.81 11259.23 11063.35 10897.08 10798.53
7400.16 7365.12 7212.23 7209.59 7351.69 7429.52 7550.82 7755.95 7887.20 7884.08 7816.16 7800.06 7832.45 7932.05 8065.31 8104.68 8134.05 8209.67 8271.52 8338.65 8445.46 8671.48 8910.17 9146.14 9365.94 9357.75 9340.65 9515.13 9665.21 9675.61 9692.40 9773.42 9847.66 9886.28 9893.13 9916.83 9966.76 9993.87 10026.48 10150.49 10240.55 10208.75 10188.57 10198.36 10208.65 10204.17 10186.01 10196.14 10227.26 10350.59 10562.58 10797.42 11050.93 11319.12 11625.74 11943.33 12111.93 11986.60 11709.44 11424.38 11193.46 11059.98 10955.59 10936.64
7153.82 7161.93 7102.29 7059.27 7100.07 7235.39 7385.86 7563.48 7702.15 7694.53 7655.79 7670.65 7711.93 7931.99 8205.88 8233.25 8223.22 8266.49 8263.22 8271.09 8342.91 8571.14 8810.98 8902.32 8983.89 9080.97 9173.75 9391.60 9583.74 9584.72 9623.04 9743.92 9826.25 9830.41 9767.94 9710.93 9710.16 9754.77 9800.28 9927.46 10033.89 10022.53 10035.23 10049.85 10063.36 10098.66 10122.81 10137.33 10156.73 10245.46 10407.04 10629.75 10875.29 11133.96 11405.29 11617.91 11718.33 11650.40 11478.12 11293.94 11133.49 11061.81 11024.67 11091.97
6943.94 7044.68 7129.33 7115.85 7125.74 7230.92 7322.29 7388.29 7448.58 7517.93 7587.54 7614.42 7644.93 7830.65 8091.22 8246.11 8338.66 8340.71 8264.72 8211.37 8246.68 8416.85 8597.11 8703.36 8804.91 8907.96 9010.72 9174.64 9311.39 9407.20 9571.59 9732.44 9823.68 9812.79 9702.12 9574.07 9532.88 9565.60 9594.11 9669.68 9736.02 9772.05 9842.09 9908.68 9971.71 10025.06 10070.61 10099.69 10119.98 10211.10 10361.77 10546.11 10758.30 10972.26 11172.33 11333.20 11416.22 11407.28 11337.70 11207.34 11069.00 11032.41 11037.07 11055.02
6880.65 7049.28 7224.44 7188.35 7147.43 7242.14 7309.26 7296.85 7293.36 7425.61 7572.16 7577.36 7576.21 7708.59 7926.35 8181.66 8364.89 8339.12 8220.45 8137.24 8153.43 8271.66 8398.83 8525.13 8648.63 8755.79 8864.46 8969.82 9047.59 9221.79 9479.29 9647.78 9733.38 9723.03 9599.07 9436.52 9375.55 9406.30 9430.84 9466.17 9497.43 9576.92 9694.44 9800.66 9901.72 9960.60 10012.78 10044.12 10060.10 10159.07 10311.86 10473.37 10665.03 10856.83 11022.42 11165.89 11246.62 11277.36 11266.65 11142.49 10995.72 10975.09 10998.99 10948.78
6872.76 6994.01 7118.50 7133.47 7143.74 7218.13 7267.61 7275.60 7288.29 7385.49 7495.60 7506.94 7514.22 7630.65 7824.08 8063.10 8242.38 8222.11 8118.23 8054.80 8077.31 8206.09 8369.04 8532.55 8668.87 8748.36 8806.45 8941.70 9073.70 9169.31 9336.04 9479.82 9554.29 9532.42 9410.08 9302.40 9287.36 9378.13 9473.06 9464.63 9441.51 9514.38 9610.70 9672.67 9740.38 9852.66 9963.76 9986.55 9989.06 10070.11 10197.91 10364.34 10563.78 10741.39 10902.05 11047.40 11124.54 11143.12 11115.26 11013.97 10897.64 10867.06 10899.40 10910.65
6874.50 6947.17 7018.55 7082.52 7143.96 7203.20 7244.39 7281.86 7314.95 7375.65 7445.72 7459.30 7472.72 7562.36 7708.69 7908.87 8073.97 8069.92 8003.90 7981.95 8017.42 8176.87 8426.90 8680.34 8853.81 8882.82 8840.25 8955.93 9121.35 9128.28 9178.32 9270.78 9321.93 9300.09 9205.17 9179.20 9224.86 9389.82 9580.57 9552.67 9485.87 9537.41 9579.55 9561.80 9574.14 9735.79 9909.93 9930.79 9923.23 9979.38 10065.58 10217.17 10407.69 10566.79 10729.85 10887.68 10966.57 10968.00 10912.88 10826.47 10741.95 10728.71 10818.51 10938.13
6979.62 7026.61 7068.25 7120.02 7171.66 7280.91 7378.96 7372.84 7352.95 7391.31 7435.21 7449.18 7466.72 7545.81 7661.25 7779.16 7886.78 7944.51 7960.64 7950.28 7968.41 8147.75 8474.61 8941.13 9276.31 9164.34 8931.26 8853.19 8878.07 8904.14 8945.01 9038.99 9118.95 9102.99 9042.36 9041.35 9091.23 9252.27 9460.27 9544.71 9564.89 9606.63 9603.67 9643.86 9737.69 9731.24 9751.88 9834.52 9883.14 9912.37 9951.73 10056.40 10204.88 10370.26 10561.60 10753.16 10858.34 10811.00 10699.13 10622.63 10565.65 10590.79 10758.37 10974.85
7102.99 7125.99 7141.77 7185.52 7229.90 7386.64 7534.66 7478.08 7402.52 7420.78 7442.35 7460.38 7483.86 7562.58 7669.27 7726.92 7787.03 7894.16 7965.07 7938.58 7925.91 8098.37 8445.06 9068.19 9539.84 9311.31 8940.81 8722.27 8631.64 8691.04 8752.24 8876.93 8998.90 8978.71 8930.04 8931.90 8976.58 9124.72 9328.89 9504.14 9601.07 9643.77 9619.90 9741.41 9925.15 9741.15 9592.35 9721.83 9819.93 9825.08 9823.63 9886.31 9992.44 10151.46 10348.94 10553.21 10675.30 10586.74 10435.05 10386.07 10366.32 10413.63 10619.66 10892.91
7192.64 7202.84 7210.91 7284.55 7353.02 7448.94 7535.64 7531.75 7506.85 7519.02 7530.79 7533.32 7544.50 7582.33 7643.29 7714.61 7797.06 7885.05 7936.79 7913.78 7895.69 8041.40 8335.89 8823.25 9191.29 9013.00 8715.30 8560.09 8514.19 8591.45 8671.25 8827.28 8977.87 8923.10 8854.61 8889.88 8961.05 9115.50 9308.62 9467.60 9560.46 9581.43 9541.82 9571.50 9644.15 9556.08 9494.56 9598.22 9690.28 9683.21 9664.04 9705.55 9778.94 9957.68 10171.13 10258.03 10283.26 10239.93 10150.16 10110.04 10093.54 10210.11 10457.14 10662.49
7269.39 7272.05 7284.05 7399.36 7497.69 7534.07 7561.55 7612.65 7640.28 7644.98 7642.16 7624.41 7621.88 7613.93 7616.52 7688.47 7787.27 7863.01 7911.07 7907.71 7893.06 7987.76 8173.42 8467.96 8706.94 8599.51 8418.66 8370.54 8389.16 8485.11 8585.55 8775.01 8955.21 8874.71 8805.49 8892.71 8997.41 9139.44 9283.24 9387.98 9458.93 9473.45 9453.41 9427.41 9406.87 9405.91 9409.15 9463.88 9539.19 9528.02 9509.55 9549.46 9601.52 9796.27 10011.92 9966.68 9888.17 9897.83 9886.80 9871.62 9864.04 10021.60 10251.03 10330.58
7243.65 7288.98 7355.17 7505.83 7627.84 7681.80 7727.45 7738.66 7724.31 7713.05 7687.33 7655.99 7646.36 7750.49 7852.24 7785.90 7761.44 7954.99 8131.10 8026.91 7895.86 7946.37 8029.63 8137.77 8252.75 8237.70 8194.54 8230.42 8290.17 8374.06 8464.45 8622.97 8768.85 8753.95 8773.91 8909.22 9043.03 9153.55 9229.17 9280.30 9331.08 9423.80 9510.46 9501.37 9461.15 9412.53 9345.18 9323.67 9352.80 9444.23 9536.45 9508.98 9475.09 9630.69 9792.34 9734.11 9667.81 9677.49 9690.07 9768.75 9838.27 9878.07 9931.83 9962.39
7177.53 7260.25 7369.09 7543.58 7684.17 7755.52 7818.90 7790.20 7735.10 7713.05 7673.45 7637.65 7626.50 7851.33 8067.83 7878.17 7737.10 8043.43 8337.29 8123.61 7876.14 7915.86 7961.84 7947.36 7967.82 8026.11 8076.74 8151.99 8231.57 8300.77 8377.38 8501.66 8611.84 8652.19 8737.85 8896.36 9044.63 9134.41 9172.66 9202.03 9246.41 9402.37 9565.67 9545.93 9478.60 9401.95 9295.99 9228.11 9224.12 9413.71 9608.36 9508.54 9394.04 9531.05 9667.19 9621.20 9578.03 9577.47 9590.16 9737.04 9867.02 9806.36 9733.48 9766.16
7164.62 7236.72 7330.96 7494.07 7626.74 7667.72 7697.33 7687.05 7654.78 7763.45 7859.82 7732.43 7623.83 7721.27 7823.03 7751.61 7716.32 7940.75 8151.83 8041.79 7901.18 7911.13 7919.66 7916.70 7953.53 8011.00 8058.75 8150.27 8250.71 8428.23 8611.99 8592.40 8557.87 8633.70 8750.82 8885.21 9012.06 9115.38 9174.59 9212.67 9259.65 9382.40 9506.76 9478.09 9407.17 9368.65 9306.02 9225.35 9203.78 9327.30 9452.12 9409.01 9354.24 9449.98 9545.12 9560.55 9579.69 9588.96 9610.09 9672.57 9719.61 9736.01 9744.52 9734.08
7153.61 7211.03 7281.69 7424.06 7543.59 7549.01 7535.76 7535.63 7523.45 7769.77 8015.09 7808.59 7607.80 7589.90 7604.07 7678.14 7761.03 7902.60 8029.66 8023.90 7994.88 7975.35 7937.04 7933.89 7980.30 8032.93 8072.09 8176.26 8299.71 8591.07 8885.95 8724.84 8546.25 8653.36 8792.38 8892.03 8989.98 9109.50 9201.40 9260.99 9316.52 9400.17 9472.60 9421.67 9340.21 9343.38 9333.97 9250.68 9216.16 9269.69 9315.99 9320.30 9319.53 9371.50 9423.63 9499.44 9581.32 9600.34 9628.15 9604.51 9568.65 9667.92 9768.72 9725.74
7204.24 7234.83 7269.37 7351.00 7417.38 7480.99 7519.00 7473.42 7426.53 7578.67 7740.69 7626.12 7503.95 7528.94 7613.65 7738.99 7845.90 7956.59 8053.52 8085.61 8102.26 8093.55 8047.86 8007.45 8024.08 8085.48 8131.69 8241.47 8381.69 8587.50 8793.67 8729.99 8644.72 8707.88 8792.52 8887.21 8985.73 9097.30 9198.11 9279.95 9345.85 9403.30 9436.38 9392.13 9328.98 9307.21 9284.42 9239.82 9233.97 9275.42 9300.52 9310.85 9322.56 9334.62 9348.00 9394.13 9449.61 9500.65 9557.51 9545.16 9523.68 9600.30 9687.66 9700.21
7255.80 7262.96 7268.92 7297.33 7313.94 7439.45 7537.08 7454.76 7377.78 7431.14 7498.13 7463.61 7414.74 7470.18 7597.69 7746.46 7864.67 7947.64 8021.66 8099.33 8166.28 8177.10 8140.55 8078.59 8071.62 8144.90 8206.91 8331.75 8493.99 8616.47 8736.90 8773.25 8782.30 8804.04 8839.99 8935.06 9035.62 9130.54 9223.27 9310.71 9379.41 9415.87 9421.14 9395.04 9355.03 9302.62 9254.74 9237.20 9254.67 9286.90 9297.22 9319.88 9346.64 9318.42 9293.01 9309.79 9339.58 9425.06 9515.24 9518.40 9513.72 9563.99 9628.70 9687.35
7118.82 7160.08 7199.62 7361.59 7510.94 7489.54 7443.55 7512.37 7587.80 7496.88 7419.60 7444.49 7451.92 7477.07 7559.32 7673.21 7771.45 7863.96 7954.87 8036.35 8108.88 8160.88 8169.31 8115.09 8099.53 8165.21 8233.35 8341.34 8483.96 8630.25 8782.49 8921.54 9017.57 9012.28 9008.37 9063.05 9130.38 9211.51 9289.00 9431.61 9562.64 9521.41 9447.38 9477.12 9492.75 9421.74 9372.95 9364.59 9375.42 9436.91 9458.17 9395.51 9352.76 9366.23 9397.73 9406.34 9418.04 9479.18 9536.55 9549.89 9563.91 9610.57 9662.88 9713.84
6980.37 7056.87 7132.69 7431.31 7715.66 7550.56 7366.21 7591.27 7821.75 7589.26 7372.97 7462.62 7529.39 7510.69 7516.38 7563.87 7627.67 7728.93 7834.76 7917.17 7991.83 8088.71 8154.98 8122.07 8103.69 8166.20 8251.00 8352.02 8477.63 8654.02 8856.18 9116.86 9308.54 9267.82 9205.91 9202.38 9229.17 9294.91 9351.91 9544.07 9734.74 9615.52 9461.79 9547.03 9618.35 9546.30 9534.73 9573.60 9594.95 9669.81 9667.41 9485.25 9358.32 9428.55 9548.11 9579.48 9587.40 9615.89 9621.48 9625.97 9650.20 9685.55 9708.23 9734.20
6988.06 7083.67 7180.46 7334.62 7473.17 7409.43 7331.58 7456.83 7585.62 7495.07 7423.66 7509.11 7566.37 7542.58 7510.28 7493.72 7524.95 7634.13 7751.71 7883.74 8008.38 8107.22 8189.05 8178.45 8160.47 8203.55 8286.85 8418.24 8563.54 8758.22 8999.23 9259.62 9427.06 9406.03 9342.34 9303.98 9313.96 9360.20 9392.26 9496.42 9608.05 9564.31 9484.68 9522.50 9546.70 9520.57 9593.11 9719.29 9790.91 9808.52 9712.75 9478.67 9335.48 9412.39 9569.74 9692.14 9763.71 9783.97 9762.12 9728.78 9734.14 9835.51 9905.84 9851.88
