3 Generate/106316750.asc
nrows 512
ncols 512
xllcenter 0.000000
yllcenter 0.000000
cellsize 5.000000
NODATA_value  -9999
[rows 84 to 111 of 512, columns 192 to 255 of 512]
15207.26 14949.54 14686.75 14455.33 14227.26 14166.30 14293.40 14436.11 14429.87 14199.83 13901.66 13666.62 13606.50 13856.49 14252.21 14513.72 14539.51 14254.45 13721.59 13122.57 12704.17 12488.05 12324.22 12210.84 12114.20 12022.68 11905.09 11757.79 11632.62 11484.56 11318.86 11133.75 10947.09 10817.31 10673.03 10477.95 10262.39 10025.26 9784.33 9575.36 9389.38 9257.76 9159.41 8981.57 8774.31 8618.05 8427.95 8142.24 7896.72 7760.08 7642.39 7521.15 7405.15 7312.13 7224.44 7111.04 7000.10 6889.60 6803.68 6865.98 6936.17 6869.02 6878.98 6981.34
15431.10 15164.91 14895.97 14671.53 14451.23 14364.26 14435.83 14526.13 14489.84 14317.25 14094.26 13837.46 13716.61 13855.52 14114.46 14306.43 14312.91 14121.68 13735.27 13171.07 12768.73 12679.42 12641.14 12536.68 12416.06 12265.27 12064.73 11905.61 11770.81 11550.54 11318.66 11139.32 10975.87 10804.35 10628.57 10458.79 10275.63 10077.29 9873.85 9685.16 9507.40 9370.33 9256.93 9096.77 8910.56 8725.09 8522.30 8299.53 8103.56 7998.89 7917.43 7811.32 7718.12 7603.65 7487.53 7366.46 7244.80 7153.25 7083.93 7091.95 7109.10 7082.48 7120.62 7208.07
15670.93 15395.34 15117.99 14897.71 14682.71 14540.46 14494.73 14471.15 14376.58 14296.15 14226.03 14026.63 13884.15 13884.84 13940.59 13995.39 13951.67 13879.57 13694.15 13217.10 12849.45 12885.68 12981.55 12896.83 12757.49 12541.35 12245.10 12062.86 11916.61 11629.56 11336.14 11165.84 11026.85 10810.64 10596.42 10444.25 10288.18 10127.24 9962.23 9795.75 9627.72 9481.01 9342.57 9190.38 9021.95 8825.33 8646.91 8523.68 8393.78 8316.07 8259.62 8156.82 8079.62 7936.71 7779.85 7639.54 7502.23 7428.36 7372.28 7322.73 7285.57 7288.04 7328.56 7375.14
15886.12 15630.00 15371.83 15189.07 15012.25 14801.69 14625.93 14460.35 14280.53 14196.50 14187.77 14121.63 14034.82 13953.43 13860.82 13771.79 13667.14 13581.02 13456.83 13191.64 12981.20 12997.61 13084.43 13085.85 13000.76 12800.63 12494.31 12263.24 12081.30 11761.23 11438.62 11192.77 10989.43 10802.64 10621.46 10495.65 10374.59 10257.15 10137.66 9961.86 9774.77 9684.22 9587.54 9397.49 9201.29 8992.73 8837.43 8772.15 8665.59 8560.51 8472.75 8341.06 8247.05 8185.31 8098.04 7941.84 7794.30 7704.61 7628.44 7575.96 7539.17 7554.78 7581.64 7554.63
16137.79 15900.63 15659.98 15511.87 15369.16 15112.86 14862.92 14612.32 14373.31 14255.41 14243.20 14249.71 14200.97 14086.24 13930.61 13778.98 13649.67 13516.54 13378.11 13242.78 13136.80 13100.43 13139.76 13195.45 13151.35 12978.56 12688.62 12439.44 12245.81 11909.51 11572.48 11261.60 10997.94 10840.39 10690.70 10586.97 10492.56 10406.47 10319.92 10124.99 9915.08 9887.23 9846.77 9634.39 9420.12 9187.81 9023.97 8983.84 8885.48 8755.60 8641.48 8483.85 8369.67 8386.02 8371.95 8205.50 8050.68 7947.19 7855.19 7804.17 7770.07 7811.32 7851.22 7777.11
16464.62 16253.96 16037.46 15812.12 15591.10 15334.56 15082.11 14861.58 14653.75 14531.78 14503.50 14444.41 14340.67 14225.80 14080.58 13916.38 13769.51 13661.31 13553.24 13432.98 13338.46 13270.39 13263.83 13290.78 13229.68 13038.23 12737.99 12557.89 12425.05 12026.97 11631.02 11468.92 11353.10 11070.01 10801.68 10716.49 10636.10 10529.99 10437.38 10298.55 10133.01 10045.58 9937.21 9728.24 9525.55 9357.78 9237.96 9135.10 8990.79 8852.01 8732.04 8601.55 8511.55 8498.74 8465.11 8391.77 8322.66 8204.50 8103.21 8056.61 8021.87 8028.50 8026.61 8039.63
16814.32 16629.89 16436.81 16133.54 15833.96 15575.94 15318.12 15124.88 14947.23 14809.43 14737.83 14583.92 14407.54 14293.94 14171.79 14009.58 13852.28 13775.08 13711.27 13621.97 13551.07 13445.97 13371.00 13344.68 13255.19 13053.46 12760.75 12667.06 12601.76 12142.22 11690.50 11680.76 11714.52 11310.87 10934.41 10877.36 10813.34 10696.64 10623.17 10566.43 10457.09 10301.65 10107.38 9884.45 9686.70 9566.47 9450.49 9244.21 9035.31 8889.63 8767.70 8666.89 8598.98 8560.39 8521.78 8557.47 8581.46 8453.99 8355.79 8326.76 8299.12 8267.84 8213.12 8301.47
17184.28 16961.37 16727.12 16463.25 16202.55 15951.22 15696.29 15425.12 15172.53 14996.06 14856.36 14663.34 14469.32 14361.10 14266.72 14136.59 14000.77 13873.31 13774.52 13707.80 13652.86 13569.10 13483.44 13524.40 13525.08 13235.53 12872.34 12800.28 12737.57 12240.24 11756.52 11663.00 11610.64 11329.70 11087.47 11020.38 10934.16 10863.07 10865.15 10864.73 10786.62 10638.33 10433.91 10167.08 9944.57 9781.80 9579.46 9326.03 9108.39 8967.61 8854.14 8803.18 8777.05 8704.69 8653.57 8666.87 8653.83 8578.41 8545.39 8626.28 8698.36 8590.81 8444.67 8500.54
17538.39 17277.50 17003.17 16779.98 16559.12 16316.61 16068.50 15723.41 15398.25 15193.98 15008.59 14798.19 14595.34 14482.15 14395.04 14277.01 14153.82 13973.05 13832.51 13782.34 13742.39 13696.52 13632.58 13772.56 13877.95 13492.30 13039.76 12970.30 12901.28 12363.62 11842.84 11660.57 11519.88 11355.68 11234.28 11143.31 11027.61 10987.61 11035.38 11061.68 11000.92 10867.84 10672.07 10380.41 10141.94 9955.88 9709.39 9451.01 9243.74 9104.08 8990.57 8980.48 8990.78 8873.73 8788.81 8758.87 8699.19 8670.71 8692.41 8872.99 9040.58 8863.66 8640.37 8677.78
17877.29 17629.87 17367.87 17086.71 16806.58 16570.25 16333.31 16001.84 15684.87 15467.17 15264.23 15042.87 14823.72 14658.85 14513.50 14349.34 14198.97 14052.02 13968.37 14013.55 14056.01 13977.18 13874.78 13897.81 13881.22 13582.74 13206.10 13001.60 12806.57 12413.54 12039.58 11847.60 11698.54 11544.67 11430.27 11308.68 11163.73 11098.30 11103.90 11124.29 11079.50 10922.46 10723.64 10496.65 10304.35 10127.91 9891.08 9642.84 9440.54 9301.80 9181.99 9099.41 9038.65 9056.63 9104.83 8983.62 8841.93 8824.20 8863.59 8964.13 9048.36 8999.15 8903.77 8850.96
18188.40 17955.05 17706.66 17369.13 17031.17 16807.79 16595.49 16291.22 15989.47 15763.83 15553.79 15332.48 15104.27 14881.44 14659.05 14429.05 14242.56 14144.63 14150.63 14323.32 14461.54 14344.86 14196.11 14094.96 13953.56 13733.54 13413.05 13053.88 12724.52 12478.32 12254.60 12056.06 11900.03 11755.15 11644.79 11489.58 11314.09 11204.80 11127.42 11100.78 11052.44 10888.67 10726.33 10603.39 10474.14 10307.28 10082.37 9846.96 9650.88 9510.67 9379.43 9219.54 9086.23 9236.41 9409.92 9189.13 8961.15 8957.22 9021.84 9049.65 9052.94 9131.64 9166.75 9026.64
18435.34 18193.79 17937.19 17637.24 17335.69 17064.41 16816.04 16577.73 16329.97 16069.89 15828.15 15612.39 15381.13 15113.62 14826.55 14560.17 14364.72 14303.55 14385.04 14562.70 14673.52 14661.90 14610.37 14461.41 14273.58 14025.86 13655.81 13255.46 12905.42 12637.09 12394.36 12200.84 12048.80 11919.45 11820.08 11681.23 11525.17 11348.40 11163.98 11039.31 10935.57 10858.31 10825.13 10762.42 10652.35 10487.89 10268.19 10043.15 9851.74 9695.45 9539.37 9385.21 9262.74 9273.20 9299.57 9260.35 9225.89 9140.55 9134.47 9213.60 9259.81 9279.07 9257.69 9212.07
18656.37 18406.65 18141.99 17880.19 17616.35 17293.58 16999.17 16816.91 16619.82 16325.87 16051.89 15842.99 15614.81 15321.86 15000.17 14725.13 14533.10 14491.86 14610.53 14752.95 14813.72 14902.80 14948.58 14753.89 14521.39 14256.59 13859.64 13441.25 13082.51 12793.39 12531.27 12341.75 12193.15 12081.34 11997.60 11880.15 11746.95 11522.79 11272.95 11090.94 10949.09 10937.17 10988.62 10941.12 10827.62 10660.29 10439.07 10218.60 10029.36 9860.73 9688.53 9549.99 9445.53 9324.57 9216.07 9369.27 9532.44 9359.92 9271.39 9389.39 9470.64 9424.99 9340.13 9382.97
19042.15 18750.69 18414.65 18159.67 17930.92 17587.73 17272.75 17038.78 16791.69 16504.70 16232.45 16029.01 15814.06 15574.36 15315.43 14986.20 14728.18 14691.16 14795.05 14892.79 14923.02 14991.80 15025.93 14849.46 14631.64 14376.48 13995.87 13603.68 13268.04 12969.79 12701.88 12501.66 12335.63 12204.99 12094.09 11967.52 11833.62 11638.15 11423.77 11251.66 11112.63 11087.85 11114.68 11047.10 10925.87 10782.37 10596.16 10388.32 10200.40 10036.32 9877.91 9751.67 9649.72 9556.41 9473.36 9513.06 9565.29 9455.38 9411.68 9477.12 9521.53 9524.69 9503.72 9526.36
19630.33 19267.48 18794.31 18479.17 18252.10 17883.07 17541.99 17251.95 16952.95 16667.39 16385.78 16178.68 15977.32 15808.38 15640.80 15284.02 14971.61 14919.46 14964.65 14969.74 14937.75 14977.26 15001.62 14849.35 14649.59 14410.52 14061.90 13714.44 13417.10 13125.04 12870.24 12675.40 12498.78 12341.00 12184.65 12030.66 11887.85 11727.98 11563.98 11416.36 11286.11 11235.51 11210.86 11096.75 10956.30 10848.59 10722.77 10552.82 10377.86 10227.83 10103.61 10009.57 9918.23 9848.64 9784.40 9704.25 9642.37 9576.60 9537.21 9507.84 9491.85 9551.03 9619.44 9649.29
20248.41 19837.89 19250.04 18747.15 18393.77 18018.11 17670.51 17415.75 17157.42 16850.04 16537.79 16298.45 16082.76 15895.21 15728.97 15503.03 15292.65 15213.72 15184.49 15103.60 15014.73 14956.80 14904.63 14828.69 14703.23 14442.49 14090.98 13758.56 13470.77 13229.39 13031.24 12878.79 12725.72 12558.18 12373.78 12161.76 11979.33 11845.07 11721.27 11606.73 11493.58 11381.39 11269.85 11159.35 11050.02 10929.81 10816.14 10694.48 10542.73 10435.92 10374.58 10325.15 10256.62 10123.78 9991.46 9905.29 9843.39 9745.23 9631.83 9564.28 9543.94 9603.90 9707.17 9755.37
20681.21 20251.27 19610.60 18981.41 18528.66 18145.24 17790.86 17571.50 17353.82 17032.12 16706.22 16452.28 16231.69 16017.83 15832.80 15716.95 15598.90 15507.04 15433.54 15295.46 15159.45 14991.18 14841.46 14822.21 14762.28 14476.56 14115.48 13792.39 13513.79 13322.61 13175.23 13058.32 12925.55 12756.71 12562.75 12311.13 12097.32 11981.49 11882.34 11785.25 11681.64 11519.35 11347.26 11266.85 11200.72 11056.93 10931.06 10833.38 10693.93 10620.81 10600.96 10574.58 10518.62 10324.19 10128.09 10040.31 9980.20 9864.88 9711.33 9638.88 9627.76 9671.47 9775.55 9808.72
20874.21 20426.28 19785.79 19156.00 18677.95 18309.85 17966.59 17736.18 17517.83 17205.30 16910.29 16679.38 16470.45 16319.79 16181.71 15984.39 15790.96 15662.53 15536.80 15369.30 15198.23 15033.26 14888.38 14781.92 14654.90 14439.46 14172.13 13880.63 13625.45 13447.48 13300.26 13300.48 13283.28 13010.23 12722.40 12488.27 12281.35 12149.45 12026.95 11939.14 11850.33 11673.85 11490.25 11376.65 11277.40 11185.35 11137.03 11087.98 10971.36 10875.98 10801.81 10802.71 10803.27 10515.36 10223.11 10130.28 10068.95 9949.52 9792.79 9700.79 9660.39 9679.99 9761.19 9828.27
20921.79 20479.32 19890.65 19312.31 18833.52 18476.54 18133.16 17880.07 17655.59 17365.46 17130.37 16950.86 16764.80 16660.84 16537.07 16226.33 15942.98 15779.39 15605.37 15413.73 15213.14 15052.74 14908.60 14709.46 14512.54 14378.44 14228.99 13992.26 13768.77 13590.72 13419.51 13513.70 13601.72 13234.66 12875.17 12680.58 12490.21 12334.96 12173.99 12080.38 11999.32 11809.08 11615.40 11469.95 11337.76 11322.25 11407.02 11462.34 11394.02 11246.50 11052.02 11014.19 11041.49 10657.64 10263.37 10159.49 10094.09 9978.56 9836.73 9743.92 9683.99 9680.18 9737.29 9836.50
20816.03 20554.11 20193.54 19623.16 19100.54 18725.01 18351.41 18005.94 17704.43 17506.68 17399.50 17251.46 17067.68 16923.66 16728.10 16391.55 16107.88 15965.97 15804.54 15563.09 15308.69 15199.79 15101.96 14774.47 14467.89 14378.72 14307.88 14112.23 13905.80 13744.85 13567.79 13495.67 13431.59 13191.23 12980.49 12854.02 12708.63 12537.79 12346.13 12179.49 12039.19 11886.14 11732.95 11596.10 11471.36 11483.19 11652.06 11822.13 11812.93 11636.37 11344.95 11018.10 10821.88 10556.77 10275.03 10153.73 10077.58 10041.23 9991.34 9835.73 9694.92 9673.15 9711.09 9790.52
20834.10 20730.87 20550.68 19941.74 19356.98 18973.27 18586.05 18163.56 17791.74 17670.46 17655.53 17501.28 17297.93 17119.68 16875.60 16538.51 16266.31 16149.30 16009.45 15731.28 15438.62 15401.10 15372.09 14934.68 14526.02 14466.98 14441.16 14250.17 14037.42 13891.75 13719.87 13495.38 13286.04 13161.93 13076.79 12994.97 12883.28 12702.38 12493.56 12267.70 12074.46 11957.26 11841.51 11709.84 11590.10 11602.38 11798.07 12026.02 12050.30 11875.32 11554.18 11005.84 10617.57 10475.28 10313.25 10181.40 10097.54 10134.29 10163.59 9934.19 9711.58 9680.05 9707.81 9774.73
21154.86 20911.99 20600.28 20072.77 19562.86 19180.99 18794.58 18396.90 18048.66 17870.31 17780.72 17633.09 17450.27 17247.62 16994.81 16694.39 16446.96 16291.58 16112.29 15858.43 15591.59 15460.95 15338.02 14989.68 14670.92 14564.71 14489.46 14356.13 14203.43 14029.16 13835.62 13636.58 13446.55 13306.88 13193.16 13081.44 12950.98 12768.76 12568.81 12445.85 12344.90 12162.53 11977.24 11808.35 11656.29 11644.69 11789.83 11982.34 12000.72 11835.66 11547.49 11042.64 10673.75 10548.58 10410.40 10258.73 10147.29 10161.29 10167.48 9971.90 9784.36 9745.03 9755.10 9809.61
21480.71 21106.63 20682.51 20257.17 19835.43 19461.43 19080.59 18710.86 18387.29 18134.30 17930.23 17746.44 17557.59 17333.54 17094.15 16855.51 16644.73 16449.76 16228.48 15996.64 15755.02 15531.12 15312.96 15052.18 14822.58 14666.68 14536.56 14455.24 14359.56 14162.53 13961.20 13801.69 13637.42 13470.39 13302.00 13134.40 12973.43 12800.68 12633.07 12636.54 12638.72 12386.82 12121.81 11905.13 11715.18 11650.64 11682.95 11778.07 11762.55 11631.46 11429.16 11021.06 10696.71 10597.49 10500.49 10345.99 10214.74 10205.83 10188.45 10026.79 9875.65 9820.56 9792.46 9813.53
21615.02 21280.46 20916.26 20553.03 20179.88 19823.01 19456.44 19092.82 18770.46 18475.38 18186.41 17902.75 17643.22 17421.23 17219.71 17047.40 16880.81 16737.78 16566.31 16285.65 15998.48 15720.83 15446.89 15195.95 14977.60 14831.34 14705.48 14607.28 14499.70 14299.66 14110.39 14040.56 13952.44 13744.45 13507.92 13235.13 12994.47 12852.04 12737.64 12717.31 12672.50 12428.65 12161.11 11983.93 11843.22 11702.97 11599.78 11543.36 11440.11 11312.83 11166.65 10955.40 10775.83 10650.88 10543.29 10427.86 10318.36 10316.03 10305.08 10128.37 9964.83 9896.77 9833.11 9798.46
21770.56 21469.23 21151.24 20836.92 20507.71 20170.51 19820.91 19465.55 19145.28 18822.03 18478.33 18124.01 17804.69 17566.13 17366.66 17225.87 17087.78 16998.07 16879.45 16553.09 16221.95 15891.66 15564.05 15325.02 15118.81 14984.36 14867.51 14757.13 14639.61 14429.68 14237.71 14242.88 14224.26 13987.30 13709.04 13357.59 13049.58 12927.41 12843.59 12776.88 12675.15 12444.28 12184.12 12056.17 11969.11 11780.97 11603.44 11456.67 11293.55 11146.76 11005.32 10939.73 10882.17 10725.09 10591.78 10500.22 10405.80 10411.47 10409.67 10220.78 10046.72 9976.83 9900.77 9833.32
22063.62 21878.29 21690.33 21275.81 20840.35 20524.38 20197.01 19840.71 19509.64 19185.95 18826.41 18449.12 18106.55 17841.03 17610.21 17375.75 17163.96 17040.35 16890.16 16582.35 16268.69 15982.81 15700.38 15452.82 15236.57 15098.86 14977.09 14871.19 14759.27 14566.91 14390.45 14287.06 14163.66 13982.38 13764.94 13441.89 13155.95 13012.12 12899.31 12802.51 12677.91 12478.85 12254.92 12101.79 11983.83 11799.30 11625.59 11495.89 11353.36 11217.82 11091.71 10985.94 10884.89 10780.94 10693.81 10577.75 10463.44 10419.10 10370.57 10260.03 10163.75 10116.41 10070.60 9984.17
22325.90 22264.10 22222.39 21723.31 21187.50 20894.03 20594.40 20243.24 19904.24 19577.43 19196.44 18791.54 18426.01 18129.16 17852.24 17508.34 17215.51 17059.37 16880.56 16594.15 16299.13 16058.26 15822.72 15568.43 15342.95 15200.93 15071.94 14968.30 14861.15 14683.99 14517.45 14299.91 14069.17 13949.59 13806.29 13525.12 13267.88 13096.10 12939.58 12798.02 12644.44 12484.04 12310.19 12145.76 12003.93 11823.25 11652.12 11537.94 11415.27 11294.31 11190.74 11052.00 10910.78 10853.89 10799.60 10645.85 10506.03 10413.45 10321.31 10292.04 10274.70 10257.85 10260.02 10172.37
22464.77 22325.00 22226.42 21895.83 21512.13 21202.63 20892.74 20600.51 20309.04 19933.29 19487.98 19042.20 18641.39 18314.84 17992.43 17649.89 17383.80 17165.01 16927.22 16675.87 16413.06 16155.76 15905.71 15689.42 15499.66 15340.67 15192.02 15020.92 14848.91 14674.34 14505.08 14310.44 14109.25 14079.57 14038.83 13715.91 13403.89 13334.93 13265.54 12962.32 12662.88 12526.13 12387.68 12215.30 12053.06 11882.66 11720.27 11600.84 11476.60 11353.79 11256.14 11170.43 11075.02 10956.10 10825.76 10676.73 10554.16 10469.03 10388.39 10347.70 10316.40 10347.40 10414.92 10362.43
