3 Generate/106316750.asc
nrows 512
ncols 512
xllcenter 0.000000
yllcenter 0.000000
cellsize 5.000000
NODATA_value  -9999
[rows 364 to 391 of 512, columns 128 to 191 of 512]
5101.58 4892.65 4641.91 4818.22 5057.78 4889.02 4753.85 4931.07 5080.94 5098.90 5088.84 5111.17 5183.51 5315.91 5434.39 5508.91 5553.08 5621.58 5674.97 5625.73 5568.57 5563.83 5560.56 5554.10 5554.33 5570.29 5586.54 5677.10 5755.69 5670.09 5598.67 5596.50 5610.94 5693.54 5845.79 6196.36 6593.38 6730.85 6857.44 7187.65 7409.63 7378.79 7328.92 7258.58 7108.38 7053.63 7032.34 6897.72 6840.44 6902.59 6921.54 6842.78 6814.11 6863.38 6881.44 6898.97 6945.60 7014.13 7074.22 7138.83 7193.89 7235.13 7282.08 7311.38
4915.57 4785.06 4619.72 4703.78 4840.42 4794.52 4781.39 4934.66 5059.18 5089.66 5105.84 5131.65 5185.00 5327.32 5450.14 5446.02 5429.27 5464.60 5486.02 5464.95 5449.11 5464.72 5479.93 5510.89 5542.31 5578.77 5616.89 5668.42 5704.79 5632.33 5576.26 5591.41 5618.16 5725.72 5911.06 6184.34 6513.14 6762.61 7009.26 7324.83 7505.87 7490.78 7436.00 7350.07 7194.12 7042.20 6913.98 6888.06 6961.22 6920.66 6845.31 6813.73 6822.74 6847.90 6850.13 6920.16 7011.17 7024.41 7018.02 7071.20 7119.41 7126.09 7150.70 7233.45
4657.95 4615.08 4555.53 4568.05 4611.93 4690.77 4802.29 4934.38 5035.86 5101.93 5193.13 5271.66 5330.52 5477.26 5587.48 5486.87 5400.87 5393.29 5361.00 5345.21 5357.55 5388.16 5415.87 5478.69 5537.37 5593.80 5656.09 5671.13 5665.46 5607.97 5573.64 5612.96 5655.28 5781.93 5986.97 6168.55 6420.08 6790.22 7181.48 7508.16 7660.45 7649.85 7565.10 7439.20 7268.28 7009.42 6748.57 6804.82 6996.22 6862.16 6712.84 6748.92 6805.21 6815.17 6820.54 6962.11 7106.47 7059.47 6975.12 7005.83 7043.50 7027.67 7053.45 7212.61
4544.60 4551.65 4560.59 4596.56 4642.98 4710.70 4811.29 4926.20 5008.79 5110.19 5277.85 5457.19 5570.06 5604.28 5584.03 5484.36 5424.31 5464.82 5467.16 5355.42 5293.55 5331.85 5365.06 5412.78 5453.50 5546.29 5649.42 5650.12 5624.91 5587.14 5579.75 5685.33 5785.83 5834.21 5958.27 6154.59 6434.26 6847.57 7307.18 7695.92 7873.84 7831.50 7682.65 7525.89 7349.77 7048.11 6717.97 6578.57 6608.16 6574.35 6545.02 6606.14 6667.26 6719.69 6785.92 6926.53 7051.75 7032.86 6960.25 6931.08 6921.21 6924.47 6992.45 7153.77
4514.83 4563.04 4621.34 4662.04 4703.49 4761.46 4852.19 4951.24 5017.04 5137.34 5342.71 5585.78 5741.03 5680.56 5557.19 5483.56 5460.45 5555.61 5606.04 5409.16 5271.87 5308.01 5338.21 5363.94 5381.83 5505.16 5641.03 5619.73 5570.44 5546.96 5557.46 5720.83 5875.80 5847.79 5893.58 6104.05 6403.73 6834.56 7323.34 7738.39 7926.72 7867.67 7687.79 7535.33 7375.30 7052.58 6689.23 6387.96 6270.72 6328.22 6399.25 6465.99 6523.59 6611.05 6720.72 6842.95 6941.58 6958.93 6915.43 6845.09 6799.80 6818.33 6912.08 7057.58
4617.79 4660.42 4710.87 4743.63 4778.03 4856.20 4962.07 5025.94 5060.70 5164.72 5340.38 5530.33 5645.36 5616.07 5535.39 5516.73 5537.38 5534.45 5494.47 5362.89 5286.09 5346.50 5427.43 5571.99 5680.57 5657.62 5622.50 5636.62 5647.68 5599.62 5582.22 5662.35 5737.81 5801.46 5933.65 6100.08 6352.01 6780.33 7262.66 7619.58 7762.14 7698.60 7512.05 7310.21 7108.66 6825.25 6517.61 6281.10 6207.11 6262.47 6324.02 6369.83 6413.72 6512.22 6637.63 6794.30 6923.54 6941.91 6899.93 6801.91 6730.57 6756.14 6871.05 7047.20
4741.96 4777.30 4815.97 4836.54 4861.23 4953.70 5063.17 5080.21 5077.63 5150.43 5265.60 5371.63 5431.41 5443.05 5428.94 5489.60 5565.22 5471.96 5359.52 5313.56 5312.11 5433.11 5632.58 5962.15 6192.93 6001.91 5743.93 5741.25 5789.81 5715.28 5663.45 5653.35 5646.09 5796.25 6000.41 6101.03 6277.96 6668.95 7106.15 7373.12 7455.76 7383.75 7185.76 6934.39 6701.26 6491.24 6292.60 6169.91 6160.76 6206.61 6242.31 6250.61 6272.69 6385.85 6536.25 6737.14 6902.26 6923.35 6885.64 6764.22 6673.06 6727.35 6901.65 7144.84
4903.16 4924.75 4944.90 4947.63 4956.73 5015.80 5081.03 5117.57 5143.93 5237.53 5344.15 5349.52 5337.44 5319.31 5301.35 5354.50 5398.77 5369.13 5340.50 5357.55 5409.85 5563.50 5853.20 6299.43 6582.35 6407.65 6110.93 5900.30 5794.93 5755.75 5730.98 5740.57 5760.04 5825.85 5923.79 6048.93 6238.62 6501.45 6804.87 7021.15 7090.04 7009.56 6804.73 6591.42 6415.92 6247.29 6124.31 6076.75 6089.61 6164.18 6212.04 6151.30 6120.06 6228.65 6385.03 6564.45 6700.27 6738.31 6720.65 6625.43 6564.45 6704.63 6994.77 7281.96
5063.40 5072.65 5077.25 5064.89 5059.11 5088.38 5118.29 5183.17 5241.83 5368.05 5493.61 5425.85 5353.88 5293.56 5245.81 5265.86 5267.25 5296.48 5341.50 5412.40 5516.76 5680.55 6005.84 6513.62 6824.78 6693.45 6414.67 6052.57 5819.74 5820.83 5831.92 5869.60 5919.62 5897.44 5880.08 6018.08 6209.18 6339.69 6513.42 6685.33 6743.09 6660.66 6465.39 6308.18 6201.62 6061.80 5980.29 5972.42 5990.93 6101.40 6177.10 6063.01 5985.67 6085.47 6238.54 6387.38 6490.32 6547.83 6554.77 6490.77 6463.89 6678.08 7054.22 7354.89
5437.27 5351.74 5250.80 5231.64 5226.47 5223.01 5224.11 5309.03 5382.13 5393.46 5397.81 5369.27 5342.49 5289.66 5255.96 5313.04 5347.99 5331.86 5337.87 5506.00 5714.89 5822.49 6088.38 6585.98 6882.51 6726.58 6417.61 6115.20 5946.00 5938.87 5950.05 5998.67 6048.62 6033.00 5989.65 6009.47 6075.73 6139.46 6247.77 6380.64 6433.70 6361.26 6200.97 6040.42 5930.01 5859.75 5839.42 5912.17 5998.67 6001.77 5976.52 5924.62 5902.50 6001.43 6146.41 6338.44 6495.03 6474.86 6413.67 6388.63 6399.09 6601.80 6942.60 7234.61
5868.73 5679.45 5453.19 5407.30 5393.37 5361.59 5344.23 5459.47 5551.35 5441.46 5311.50 5309.17 5321.61 5281.54 5273.78 5379.93 5454.03 5389.22 5348.52 5605.84 5914.90 5963.21 6164.64 6647.64 6928.46 6744.57 6396.20 6144.20 6035.14 6030.55 6063.77 6144.97 6204.69 6194.17 6122.37 6023.73 5970.30 5968.69 6003.33 6086.50 6129.19 6071.73 5957.61 5803.51 5689.86 5679.22 5706.78 5848.55 5998.11 5901.26 5791.43 5818.38 5859.70 5950.51 6070.07 6287.82 6490.44 6396.06 6273.46 6293.52 6343.07 6511.46 6768.85 7004.52
5879.88 5761.63 5584.69 5495.47 5456.09 5459.05 5486.25 5571.80 5622.44 5520.56 5385.68 5338.07 5318.34 5338.63 5404.44 5494.04 5541.67 5465.16 5413.14 5545.55 5740.21 5916.08 6240.57 6687.39 6932.72 6793.42 6478.28 6204.27 6082.91 6110.21 6194.65 6302.48 6365.64 6327.85 6202.12 6049.88 5943.79 5902.41 5886.50 5874.01 5853.37 5804.02 5724.71 5650.70 5606.05 5582.07 5586.17 5676.28 5772.84 5754.86 5739.83 5792.95 5845.30 5901.39 5968.79 6174.46 6384.82 6332.46 6263.04 6288.34 6336.52 6458.75 6621.34 6805.02
5833.39 5794.99 5686.82 5573.63 5517.53 5550.06 5610.74 5655.50 5659.85 5571.78 5444.90 5365.12 5319.55 5395.39 5523.40 5584.99 5601.10 5514.74 5454.41 5463.20 5540.15 5839.24 6285.77 6697.20 6908.10 6819.10 6548.99 6264.89 6137.23 6187.96 6303.53 6417.64 6475.01 6420.03 6265.24 6091.17 5963.41 5916.68 5889.65 5813.94 5743.32 5690.69 5619.61 5594.58 5594.05 5542.50 5515.41 5550.73 5593.74 5648.04 5713.31 5778.67 5836.92 5868.74 5904.25 6117.64 6344.78 6329.82 6302.54 6320.39 6357.78 6448.92 6557.94 6732.43
5972.47 5915.61 5796.26 5696.72 5642.66 5654.73 5690.85 5720.08 5711.90 5671.79 5596.62 5462.38 5358.54 5366.42 5417.01 5448.28 5447.29 5476.50 5553.78 5547.26 5592.67 5924.05 6368.82 6691.94 6849.97 6768.89 6529.46 6343.23 6287.32 6299.92 6366.40 6488.19 6561.63 6482.11 6311.72 6148.71 6020.88 5955.95 5911.71 5848.95 5788.28 5738.81 5678.08 5637.72 5616.05 5564.77 5536.53 5573.66 5622.75 5703.97 5789.28 5842.10 5897.54 5910.40 5928.14 6050.40 6185.64 6229.73 6270.49 6331.59 6403.72 6505.86 6615.72 6753.85
6072.08 6006.30 5896.61 5831.28 5787.88 5775.18 5778.92 5785.27 5761.55 5773.60 5758.55 5577.64 5417.94 5345.14 5292.69 5268.64 5239.49 5403.55 5660.67 5681.42 5715.73 6045.88 6412.71 6570.81 6641.00 6590.69 6431.82 6391.67 6425.48 6383.82 6374.41 6478.81 6557.28 6464.13 6302.38 6175.53 6061.16 5983.58 5929.66 5886.63 5839.04 5800.01 5765.37 5725.67 5691.01 5638.75 5604.74 5638.71 5691.60 5791.57 5878.89 5901.50 5946.92 5942.88 5945.54 5978.96 6023.20 6135.29 6264.35 6389.84 6508.32 6615.73 6709.37 6793.19
6083.27 6059.64 6010.49 5971.78 5931.48 5946.31 5970.18 5932.14 5871.85 5815.39 5739.15 5594.86 5462.34 5359.65 5255.16 5181.12 5129.61 5266.52 5541.68 5720.18 5873.88 6090.16 6266.16 6315.86 6354.26 6377.40 6340.07 6367.98 6412.99 6438.68 6475.64 6477.29 6477.24 6396.44 6270.23 6183.26 6086.43 6029.15 5998.33 5976.01 5941.66 5866.27 5811.16 5857.02 5894.28 5830.07 5779.09 5735.05 5716.46 5770.24 5794.87 5799.31 5846.80 5860.73 5883.02 5987.82 6100.87 6200.71 6338.70 6495.92 6628.42 6728.18 6792.45 6879.37
6138.52 6147.21 6136.94 6103.30 6056.43 6102.23 6153.64 6078.81 5986.05 5857.70 5711.56 5594.94 5485.60 5364.06 5231.61 5131.73 5069.12 5160.65 5413.33 5708.93 5963.56 6101.23 6163.81 6182.29 6223.45 6293.99 6321.96 6361.17 6389.89 6489.74 6591.83 6510.22 6440.73 6362.68 6250.96 6183.25 6095.64 6058.48 6048.10 6043.58 6021.64 5904.20 5815.04 5932.96 6036.61 5964.13 5902.90 5787.33 5700.23 5716.54 5697.66 5703.07 5761.42 5792.79 5833.19 6007.67 6188.46 6267.53 6396.36 6567.58 6706.53 6808.50 6864.04 6974.53
6289.36 6295.76 6289.14 6252.81 6192.74 6228.53 6259.36 6124.58 5983.45 5862.63 5723.15 5601.90 5486.16 5364.99 5241.36 5162.56 5117.74 5201.62 5433.90 5700.78 5945.39 6075.43 6141.36 6201.87 6273.02 6370.41 6420.97 6410.29 6383.81 6410.73 6440.91 6391.55 6358.63 6317.80 6243.64 6188.35 6114.89 6046.43 5998.17 6077.94 6141.87 5963.36 5815.70 5867.64 5905.00 5815.04 5732.37 5701.31 5703.41 5678.56 5630.16 5665.23 5745.11 5779.71 5821.64 5990.66 6166.33 6249.57 6379.94 6668.00 6930.59 6939.93 6908.42 7047.34
6403.05 6416.40 6433.94 6415.85 6353.09 6370.30 6359.62 6143.90 5945.78 5835.77 5708.24 5587.77 5469.37 5357.54 5259.70 5218.42 5199.09 5258.80 5433.56 5634.00 5850.38 5981.51 6072.06 6195.90 6305.77 6431.12 6509.18 6454.16 6375.57 6330.70 6290.39 6274.50 6278.74 6273.58 6233.46 6187.01 6126.10 6021.49 5924.83 6078.72 6224.75 5987.78 5785.54 5775.28 5748.40 5637.09 5523.45 5567.29 5654.25 5597.41 5539.38 5623.70 5733.34 5768.41 5807.08 5965.90 6133.84 6214.12 6331.30 6721.24 7099.61 7021.87 6917.94 7100.34
6675.32 6585.16 6517.19 6558.20 6534.04 6460.75 6336.72 6130.84 5966.21 5860.86 5739.68 5631.67 5522.29 5380.19 5268.08 5254.53 5249.92 5241.50 5313.78 5461.97 5663.74 5838.82 5996.75 6185.19 6335.42 6470.49 6559.51 6523.98 6457.86 6375.11 6298.04 6311.97 6348.59 6306.92 6228.14 6161.32 6083.71 5985.74 5883.89 5914.10 5945.30 5807.69 5708.37 5678.21 5629.17 5543.10 5444.92 5434.24 5476.59 5463.82 5471.62 5602.35 5738.66 5773.04 5807.32 5924.47 6053.52 6175.88 6324.05 6607.02 6892.14 6906.76 6910.27 7092.96
6919.13 6717.11 6545.62 6628.54 6637.03 6486.89 6275.63 6105.50 5987.30 5887.95 5773.68 5679.14 5581.71 5406.64 5268.72 5270.46 5275.04 5214.87 5219.59 5349.43 5549.86 5754.54 5952.72 6178.87 6355.86 6497.18 6593.30 6575.19 6523.46 6407.28 6297.27 6343.71 6413.80 6336.78 6221.61 6136.21 6041.66 5953.74 5856.62 5773.98 5696.53 5658.75 5660.80 5608.80 5536.88 5480.82 5408.20 5353.05 5355.42 5377.08 5429.10 5584.02 5735.45 5768.40 5799.56 5876.57 5966.81 6135.22 6324.20 6509.27 6702.68 6798.02 6889.20 7053.50
6710.81 6622.19 6549.29 6601.13 6597.12 6472.73 6292.22 6123.82 5999.04 5885.23 5755.22 5644.04 5529.68 5418.40 5357.22 5412.24 5458.39 5368.09 5327.41 5383.21 5522.08 5740.89 5967.34 6213.56 6398.41 6520.14 6588.17 6529.64 6447.15 6428.54 6410.63 6395.85 6409.75 6323.60 6212.65 6164.59 6095.08 6016.05 5919.72 5793.04 5679.57 5672.73 5704.94 5643.43 5562.41 5484.46 5387.68 5322.99 5317.50 5386.77 5484.02 5579.30 5673.44 5721.83 5769.93 5900.51 6042.80 6138.42 6254.74 6427.76 6608.29 6738.62 6865.41 7035.05
6546.35 6556.32 6550.67 6543.18 6521.14 6440.53 6314.44 6168.78 6047.33 5919.34 5771.86 5641.01 5506.12 5467.69 5507.92 5641.90 5741.60 5606.18 5485.86 5431.04 5486.35 5723.96 6000.58 6290.31 6492.52 6583.46 6602.36 6483.33 6361.84 6436.70 6500.37 6413.55 6366.35 6284.52 6207.64 6227.68 6199.43 6125.06 6015.57 5830.85 5677.01 5703.97 5768.21 5698.73 5610.49 5510.72 5386.93 5309.30 5294.42 5409.06 5546.49 5577.03 5611.57 5676.91 5745.28 5932.74 6128.50 6151.35 6194.77 6354.92 6520.54 6683.62 6844.56 7018.74
6625.76 6601.57 6533.54 6492.46 6479.27 6450.12 6385.36 6247.24 6111.19 6005.98 5876.71 5727.77 5573.42 5554.55 5643.13 5771.19 5840.58 5682.86 5503.38 5415.14 5463.09 5706.80 6021.20 6448.83 6764.44 6718.14 6582.34 6569.36 6575.91 6444.49 6290.04 6221.51 6203.25 6180.87 6194.08 6257.79 6246.94 6158.08 6016.51 5825.28 5682.37 5695.75 5744.40 5684.46 5606.25 5523.74 5411.63 5327.33 5308.80 5388.48 5485.70 5576.20 5675.81 5716.12 5762.76 5898.60 6039.34 6109.98 6200.45 6424.44 6651.69 6734.99 6817.80 7029.97
6610.35 6570.58 6481.43 6449.21 6466.85 6487.96 6476.03 6336.14 6181.70 6100.19 5989.57 5822.57 5648.30 5635.58 5743.97 5837.80 5864.17 5696.87 5485.56 5390.20 5440.56 5672.81 5991.01 6522.93 6935.78 6759.94 6488.73 6601.47 6744.89 6412.43 6051.79 6013.59 6029.82 6054.65 6131.20 6212.40 6208.41 6115.79 5962.91 5785.98 5664.91 5667.87 5704.72 5657.96 5592.36 5530.81 5436.07 5350.45 5330.65 5377.84 5440.14 5595.82 5762.86 5776.66 5798.19 5879.06 5963.20 6080.70 6216.12 6501.65 6788.89 6791.09 6794.08 7042.78
6508.48 6506.19 6478.93 6437.43 6438.19 6496.76 6512.84 6400.13 6268.45 6188.41 6076.74 5906.42 5724.44 5679.12 5737.25 5814.05 5845.68 5715.53 5555.55 5447.43 5457.43 5688.85 5995.40 6335.54 6575.38 6483.14 6299.53 6301.17 6334.92 6148.03 5938.31 5898.59 5907.59 5921.94 5980.75 6064.84 6077.24 6026.93 5952.87 5844.49 5755.72 5756.87 5763.77 5677.67 5598.70 5565.08 5529.79 5533.43 5567.19 5599.24 5615.49 5632.85 5692.25 5757.57 5835.89 5927.43 6016.75 6154.12 6302.55 6508.55 6719.68 6753.93 6786.51 6967.53
6365.15 6411.70 6471.05 6444.17 6437.04 6523.61 6551.15 6450.07 6334.66 6259.59 6153.83 5987.55 5802.49 5708.25 5677.22 5697.63 5716.62 5647.78 5592.22 5524.74 5519.64 5739.64 6008.98 6131.09 6185.29 6175.88 6079.44 5969.26 5891.98 5853.69 5803.96 5772.29 5778.55 5771.47 5788.45 5851.54 5869.97 5898.58 5982.88 6022.78 6003.45 5977.12 5895.68 5711.79 5593.61 5622.56 5721.08 5888.07 6009.05 5995.26 5897.78 5709.10 5630.09 5752.33 5899.32 6013.36 6113.22 6266.36 6418.93 6536.71 6668.24 6732.01 6787.53 6894.00
6161.71 6229.12 6344.35 6411.31 6474.61 6573.52 6597.84 6514.77 6424.85 6319.28 6185.18 6038.76 5866.83 5718.90 5593.48 5625.24 5698.06 5581.40 5522.70 5679.83 5844.06 5853.36 5885.51 5996.09 6069.34 6038.78 5924.68 5802.93 5714.66 5679.54 5644.76 5615.70 5614.78 5631.37 5651.57 5647.43 5625.75 5731.07 5971.72 6186.22 6262.96 6176.77 5974.68 5762.96 5675.44 5742.81 5950.83 6223.18 6373.07 6288.44 6052.17 5846.79 5818.68 5865.54 5948.86 6149.84 6324.64 6407.66 6479.10 6549.85 6643.19 6775.93 6893.60 6946.40
