3 Generate/106316750.asc
nrows 512
ncols 512
xllcenter 0.000000
yllcenter 0.000000
cellsize 5.000000
NODATA_value  -9999
[rows 308 to 335 of 512, columns 128 to 191 of 512]
4021.73 4105.68 4224.29 4361.94 4510.92 4629.87 4719.42 4784.89 4812.13 4845.30 4850.93 4755.98 4665.89 4662.77 4691.59 4727.90 4812.38 4949.68 5102.79 5258.76 5372.81 5450.03 5494.32 5518.55 5591.12 5703.02 5865.69 6049.11 6242.91 6572.29 6983.13 7336.49 7560.07 7577.02 7463.08 7351.89 7332.42 7409.66 7501.42 7540.90 7624.16 7840.56 8058.79 8179.94 8302.64 8550.58 8869.75 9171.89 9400.02 9555.88 9677.65 9776.18 9921.52 10072.37 10206.91 10480.71 10785.34 10973.43 11226.37 11545.05 11762.91 11846.52 11835.91 11799.40
4042.29 4074.55 4118.31 4265.15 4410.53 4447.47 4461.82 4429.19 4389.71 4435.81 4489.22 4511.35 4537.39 4565.63 4608.38 4721.07 4865.28 4970.87 5081.90 5201.28 5282.33 5340.40 5377.01 5445.99 5559.75 5675.64 5863.59 6110.19 6380.57 6803.72 7283.49 7607.83 7788.81 7807.10 7680.37 7520.81 7426.25 7427.05 7454.30 7459.07 7538.06 7763.87 8008.11 8173.54 8347.91 8621.13 8948.32 9387.20 9745.98 9794.97 9806.29 9878.43 9980.44 10103.57 10212.43 10434.98 10703.19 10903.00 11164.46 11476.48 11700.88 11811.08 11835.34 11822.68
4040.73 4027.57 4011.23 4184.40 4339.65 4300.94 4241.63 4110.05 4003.07 4069.54 4186.23 4338.76 4481.90 4524.14 4553.84 4718.05 4911.01 4980.14 5039.08 5112.43 5157.51 5208.02 5259.57 5395.42 5560.55 5673.50 5870.13 6161.01 6494.14 6987.64 7496.29 7753.80 7875.48 7914.37 7818.10 7656.09 7513.57 7449.56 7423.91 7402.87 7481.15 7713.64 7977.29 8178.89 8397.67 8678.69 8983.40 9529.98 10006.49 9960.83 9889.14 9963.29 10037.18 10134.62 10217.10 10386.48 10616.70 10816.40 11061.14 11340.67 11558.13 11701.82 11780.20 11811.44
3891.40 3925.75 3949.40 4037.88 4094.34 4011.50 3907.66 3775.72 3692.62 3797.41 3988.86 4202.25 4390.75 4479.29 4530.35 4653.24 4808.53 4912.61 4992.44 5027.45 5044.83 5133.88 5245.98 5360.96 5488.20 5641.23 5882.68 6205.38 6586.52 7062.56 7514.56 7783.61 7931.16 7971.52 7894.55 7809.27 7700.64 7525.37 7397.72 7361.84 7442.34 7660.42 7917.86 8162.19 8430.44 8747.49 9059.45 9469.98 9824.96 9894.24 9952.42 10043.90 10106.02 10177.15 10231.42 10368.36 10577.85 10756.67 10962.11 11204.89 11410.56 11576.68 11698.83 11780.44
3730.00 3814.35 3886.29 3905.49 3887.06 3791.08 3673.72 3565.24 3515.51 3643.19 3872.97 4104.32 4303.36 4421.63 4491.38 4576.74 4697.15 4842.51 4958.07 4971.11 4971.78 5095.96 5253.25 5330.45 5411.88 5603.92 5885.05 6227.58 6635.04 7081.52 7485.94 7782.50 7964.50 7997.06 7922.02 7904.07 7843.94 7587.59 7382.72 7348.76 7437.63 7638.40 7881.60 8156.04 8457.31 8804.13 9133.13 9421.88 9662.56 9838.39 10009.51 10104.74 10156.86 10216.49 10257.72 10373.92 10567.17 10733.47 10917.75 11140.13 11336.96 11508.17 11645.84 11751.48
3627.06 3696.05 3751.47 3809.55 3834.05 3716.42 3575.74 3475.37 3434.61 3551.78 3770.50 4076.60 4348.93 4395.36 4391.89 4525.25 4696.67 4807.12 4900.76 4952.45 4989.50 5153.76 5339.82 5406.34 5479.45 5693.51 5998.54 6315.14 6680.62 7091.09 7455.88 7733.03 7909.66 7981.09 7979.02 7982.22 7924.01 7723.61 7544.92 7473.80 7541.56 7758.78 8021.74 8337.07 8665.01 8966.81 9244.14 9455.90 9637.75 9797.80 9952.06 10081.57 10170.07 10234.53 10281.21 10379.93 10549.64 10734.94 10936.44 11150.12 11338.93 11497.24 11626.73 11732.32
3540.47 3592.15 3627.28 3721.64 3790.77 3654.48 3490.75 3397.45 3364.81 3470.48 3675.64 4052.20 4391.62 4357.36 4270.57 4443.58 4662.38 4749.67 4850.56 4977.53 5085.12 5309.15 5528.78 5581.95 5643.98 5882.08 6211.59 6492.26 6786.10 7113.13 7389.30 7608.73 7764.58 7908.77 8058.66 8173.60 8185.97 8060.58 7889.52 7751.00 7781.74 8018.44 8304.21 8654.25 8984.18 9195.12 9367.98 9459.16 9563.95 9708.82 9849.12 10019.33 10155.30 10240.66 10310.20 10405.42 10557.38 10759.87 10973.89 11172.68 11347.13 11489.86 11613.01 11721.87
3459.26 3551.63 3625.65 3637.91 3633.63 3563.65 3461.32 3349.39 3297.90 3404.58 3606.88 3906.82 4165.58 4191.24 4162.34 4272.14 4437.20 4589.69 4793.63 5012.38 5209.47 5453.60 5664.63 5801.48 5942.02 6169.51 6478.32 6729.48 6954.62 7159.05 7311.03 7453.74 7580.55 7789.52 8095.01 8388.12 8541.34 8470.20 8282.05 8110.36 8126.65 8347.83 8612.22 8900.41 9132.71 9245.93 9310.54 9359.90 9475.54 9628.49 9781.70 9963.68 10119.45 10258.48 10382.57 10478.60 10613.69 10807.26 11006.14 11191.94 11353.38 11492.48 11621.67 11725.95
3350.51 3486.99 3607.52 3545.68 3472.48 3471.83 3435.82 3309.70 3241.04 3346.83 3542.46 3761.31 3935.81 4020.40 4050.81 4099.42 4211.57 4425.98 4727.14 5034.23 5324.81 5607.45 5838.17 6084.51 6314.45 6515.45 6767.95 6950.55 7080.67 7154.05 7182.25 7252.30 7352.65 7607.01 8026.72 8460.52 8746.71 8771.45 8637.67 8500.38 8532.16 8723.32 8933.30 9123.56 9234.43 9247.32 9214.10 9235.10 9368.17 9532.52 9706.70 9909.88 10092.66 10287.73 10465.20 10559.79 10677.13 10862.44 11046.71 11219.50 11367.01 11497.77 11624.67 11716.44
3283.43 3338.81 3379.10 3357.66 3331.40 3331.93 3302.08 3344.78 3433.83 3436.46 3517.59 3825.34 4091.13 4032.12 3926.11 3990.54 4120.09 4330.36 4652.61 5026.19 5398.32 5760.46 6067.35 6334.60 6549.88 6741.86 6936.23 7021.80 7047.91 7043.09 7010.56 7018.52 7093.06 7374.52 7860.76 8429.09 8871.49 8990.29 8951.25 8909.77 8976.26 9139.67 9270.59 9422.72 9498.83 9347.36 9169.22 9190.40 9352.46 9510.79 9694.15 9911.74 10109.58 10373.52 10627.43 10747.44 10863.80 11043.74 11199.94 11289.59 11369.29 11481.00 11593.63 11686.30
3228.09 3197.36 3146.23 3153.49 3167.64 3173.64 3162.04 3386.04 3638.19 3532.97 3490.12 3877.92 4231.97 4036.05 3806.05 3898.22 4050.23 4248.75 4574.76 4994.91 5433.09 5870.23 6257.44 6552.24 6755.78 6933.68 7061.42 7045.10 6973.01 6907.60 6835.60 6799.36 6855.70 7154.54 7684.11 8359.88 8936.99 9150.33 9227.23 9306.63 9419.83 9542.83 9568.25 9658.81 9696.67 9399.93 9103.24 9147.86 9348.77 9502.81 9699.16 9934.12 10146.06 10487.81 10842.97 11014.44 11142.49 11301.75 11395.07 11367.18 11365.09 11462.53 11567.60 11667.19
3144.24 3103.80 3036.25 3056.59 3095.02 3099.37 3099.29 3246.45 3404.80 3376.46 3396.13 3663.43 3905.81 3868.38 3809.28 3883.03 4009.70 4194.25 4514.15 5000.64 5522.00 5980.63 6397.12 6746.81 6973.46 7103.99 7142.52 7073.53 6956.15 6841.31 6737.65 6658.06 6686.66 6994.39 7547.17 8223.36 8824.24 9161.94 9388.41 9616.54 9815.91 9873.25 9777.13 9681.27 9559.01 9316.92 9098.46 9095.41 9254.82 9417.13 9635.93 9931.54 10199.97 10528.52 10895.24 11191.61 11408.33 11518.76 11522.53 11415.91 11371.23 11462.07 11566.57 11668.38
3116.57 3069.71 2992.45 3031.22 3093.10 3083.95 3076.45 3129.01 3185.29 3239.31 3335.13 3497.31 3638.70 3760.82 3866.80 3914.66 4011.97 4179.88 4485.32 5022.10 5600.97 6044.28 6449.43 6820.85 7056.16 7155.10 7144.93 7074.53 6959.75 6831.92 6722.71 6615.56 6621.85 6934.27 7496.11 8146.94 8732.35 9133.13 9434.84 9748.95 10007.97 10023.24 9861.30 9643.95 9412.71 9253.71 9128.51 9083.58 9202.23 9366.59 9593.31 9931.93 10241.34 10531.69 10871.72 11258.35 11549.48 11630.93 11587.47 11445.90 11382.74 11472.04 11577.60 11681.46
3108.78 3086.25 3035.63 3055.85 3097.76 3125.41 3146.45 3234.38 3333.77 3362.50 3436.09 3549.31 3638.20 3727.78 3798.47 3867.24 3988.44 4203.02 4547.38 4998.11 5490.90 6018.22 6508.69 6860.15 7081.76 7131.56 7078.86 7020.37 6917.67 6809.74 6723.40 6631.33 6643.39 6968.28 7515.67 8079.38 8599.29 9001.76 9318.67 9619.71 9858.41 9944.20 9865.85 9656.16 9428.02 9252.84 9107.99 9104.63 9258.96 9412.16 9627.02 9956.54 10254.75 10534.85 10849.51 11194.02 11460.17 11530.92 11490.95 11428.72 11431.07 11500.35 11588.14 11688.65
3143.05 3147.14 3128.43 3136.09 3162.40 3221.50 3255.81 3363.38 3499.19 3506.71 3565.58 3636.90 3676.02 3729.43 3757.90 3840.78 3982.68 4235.92 4599.35 4937.77 5317.31 5902.70 6454.85 6768.88 6969.31 6975.31 6895.55 6869.96 6801.25 6738.20 6702.49 6648.08 6675.10 6985.37 7457.10 7868.19 8282.47 8681.58 9025.46 9330.33 9558.84 9731.07 9770.76 9610.06 9421.67 9258.97 9117.79 9171.56 9366.91 9507.69 9707.52 10022.40 10300.92 10545.07 10790.73 11051.11 11271.55 11342.18 11333.34 11378.39 11457.72 11506.81 11579.50 11679.94
3252.10 3248.59 3228.33 3249.83 3287.25 3377.80 3425.28 3381.92 3383.10 3435.21 3544.80 3665.59 3746.05 3842.08 3907.04 3933.30 4025.29 4227.96 4514.85 4882.50 5288.10 5698.73 6081.74 6364.57 6556.23 6622.69 6625.60 6641.29 6616.86 6592.42 6599.43 6658.17 6770.39 6972.14 7269.99 7564.10 7907.21 8300.10 8670.03 8995.89 9236.34 9411.16 9492.05 9455.07 9383.24 9297.95 9222.55 9263.17 9421.53 9595.45 9823.43 10123.29 10380.73 10594.94 10777.93 10998.19 11218.70 11284.27 11301.78 11337.09 11376.70 11443.52 11539.46 11669.05
3313.42 3300.87 3275.97 3308.56 3356.57 3487.97 3567.80 3392.55 3268.10 3362.01 3515.21 3678.20 3796.64 3937.96 4045.34 4020.84 4065.48 4217.34 4426.47 4819.94 5244.72 5472.27 5679.44 5926.43 6107.09 6233.16 6318.75 6377.62 6402.25 6418.37 6463.86 6629.84 6824.21 6938.88 7109.71 7332.47 7622.14 7992.20 8358.34 8677.15 8918.14 9093.05 9208.21 9290.21 9339.12 9342.69 9344.19 9379.99 9504.33 9708.80 9959.38 10237.65 10468.33 10663.50 10813.43 11023.68 11256.62 11300.53 11311.09 11303.58 11287.47 11368.41 11482.07 11635.71
3203.74 3223.37 3241.48 3310.48 3388.19 3484.39 3530.99 3428.85 3373.42 3436.27 3550.09 3701.52 3814.23 3935.72 4030.62 4019.69 4070.76 4220.45 4405.92 4694.83 5002.77 5211.28 5405.83 5623.82 5801.14 5921.71 6018.16 6222.33 6404.91 6394.36 6416.46 6591.24 6764.19 6851.81 6972.69 7208.14 7512.00 7798.91 8086.36 8408.28 8674.86 8849.82 8991.66 9168.43 9321.11 9379.47 9428.28 9624.98 9875.90 9973.16 10104.68 10395.87 10637.59 10747.88 10823.88 10982.13 11160.44 11218.46 11244.07 11271.10 11290.74 11362.47 11456.32 11564.33
3026.59 3086.29 3164.76 3287.42 3402.45 3465.38 3483.49 3459.40 3475.45 3501.00 3561.24 3686.98 3787.93 3897.81 3997.45 4017.07 4082.15 4234.95 4409.39 4608.36 4810.68 5006.33 5191.61 5381.91 5555.76 5663.42 5754.41 6085.77 6413.52 6378.48 6392.08 6592.42 6751.85 6807.77 6869.38 7110.05 7429.02 7637.09 7845.85 8169.36 8461.07 8634.07 8795.88 9058.24 9305.22 9413.33 9509.83 9869.94 10248.73 10236.54 10244.70 10544.86 10796.45 10832.32 10855.89 10982.96 11115.06 11185.72 11225.14 11285.61 11339.82 11388.62 11434.14 11468.32
2926.88 2984.64 3081.02 3221.10 3337.05 3416.12 3455.33 3428.97 3436.67 3485.18 3552.45 3654.82 3746.43 3848.80 3957.09 4023.75 4118.88 4348.30 4591.35 4722.51 4843.35 4969.11 5086.04 5219.71 5354.93 5492.45 5615.35 5880.34 6157.90 6195.79 6300.14 6571.84 6769.04 6814.74 6843.58 7034.83 7316.02 7505.09 7693.49 7975.71 8244.82 8478.41 8715.61 8972.87 9221.03 9412.83 9593.18 9899.80 10196.50 10286.25 10384.07 10606.08 10780.87 10850.24 10928.60 11081.97 11223.52 11268.34 11283.10 11333.14 11378.12 11380.72 11354.82 11334.07
2901.62 2949.01 3044.50 3182.72 3289.70 3380.75 3434.44 3399.71 3396.39 3474.99 3565.05 3660.13 3750.55 3839.22 3940.62 4038.38 4156.16 4464.11 4782.61 4858.92 4918.72 5000.04 5072.62 5167.45 5270.85 5438.06 5590.70 5781.74 5992.66 6072.11 6226.92 6535.15 6755.23 6801.28 6822.79 6994.96 7263.86 7456.24 7647.65 7907.13 8161.25 8449.93 8747.29 8977.08 9199.34 9443.11 9674.61 9902.10 10106.12 10301.29 10497.57 10651.98 10758.70 10858.47 10976.13 11138.48 11280.90 11298.96 11287.87 11326.29 11361.16 11329.43 11259.20 11210.75
3008.39 3070.21 3174.70 3270.49 3341.39 3405.46 3449.85 3473.86 3512.99 3585.28 3659.62 3739.61 3822.05 3905.86 3998.32 4092.45 4210.15 4442.00 4694.09 4828.13 4934.47 5027.49 5101.18 5196.26 5309.81 5431.91 5541.90 5690.46 5858.28 6010.71 6225.83 6472.13 6643.70 6720.50 6785.12 6945.08 7191.63 7426.10 7662.31 7923.08 8180.03 8549.03 8935.56 9167.71 9380.87 9606.89 9814.56 10019.92 10202.85 10406.16 10598.66 10774.26 10909.75 10929.83 10961.86 11094.52 11210.95 11216.14 11193.07 11245.62 11297.19 11234.90 11144.14 11109.04
3160.89 3230.62 3329.39 3367.31 3393.30 3444.46 3514.37 3632.65 3730.33 3786.89 3824.54 3867.26 3928.59 3998.90 4070.11 4149.58 4262.31 4428.63 4637.75 4853.11 5017.02 5112.14 5165.13 5238.46 5352.14 5431.37 5504.03 5616.39 5746.14 5961.96 6211.54 6369.08 6479.71 6596.50 6723.76 6888.62 7114.90 7382.80 7657.25 7914.95 8172.77 8630.80 9126.36 9380.28 9591.81 9793.89 9967.23 10140.55 10297.76 10500.13 10669.48 10847.68 11005.18 10943.80 10882.65 10977.44 11064.17 11056.91 11022.89 11091.47 11162.92 11081.54 10990.50 10988.00
3181.74 3238.52 3309.91 3353.47 3397.75 3494.25 3648.15 3824.84 3945.91 3988.24 3989.51 3993.81 4032.51 4099.16 4159.42 4203.65 4292.11 4481.73 4736.94 5014.19 5216.32 5264.81 5248.32 5264.17 5342.11 5439.84 5537.47 5659.16 5796.67 5962.58 6132.95 6337.34 6521.67 6609.92 6728.78 6902.18 7110.92 7355.26 7611.59 7901.82 8198.32 8648.47 9155.73 9432.96 9644.31 9878.54 10073.94 10221.46 10359.88 10554.79 10695.35 10753.48 10810.67 10798.18 10774.09 10839.31 10904.00 10883.67 10838.92 10858.85 10885.67 10856.63 10836.26 10867.66
3222.62 3272.01 3328.14 3389.08 3456.21 3579.60 3778.67 3975.11 4101.73 4136.93 4117.98 4099.61 4121.62 4186.15 4241.57 4257.17 4324.40 4526.76 4804.99 5121.20 5351.38 5363.77 5300.54 5281.62 5334.27 5449.68 5570.21 5699.45 5844.74 5975.28 6096.58 6377.60 6648.99 6696.23 6778.94 6932.13 7107.72 7323.39 7555.70 7873.25 8205.30 8636.00 9131.39 9408.30 9607.70 9876.16 10100.60 10229.71 10352.66 10549.72 10683.18 10643.39 10611.35 10654.12 10678.95 10726.30 10774.91 10743.62 10691.51 10666.34 10651.40 10668.98 10704.03 10753.52
3417.27 3443.60 3467.20 3561.05 3667.86 3732.43 3862.54 4036.66 4154.99 4197.32 4186.83 4167.96 4181.13 4242.90 4300.39 4347.41 4446.20 4633.14 4884.84 5126.80 5293.41 5334.06 5310.65 5330.65 5409.59 5492.59 5583.37 5707.42 5850.26 5998.99 6141.62 6357.12 6556.39 6657.95 6796.27 6956.70 7129.49 7451.30 7794.42 7993.09 8214.23 8596.10 9022.61 9305.36 9526.82 9818.49 10063.88 10164.31 10259.27 10442.28 10567.98 10546.90 10527.37 10598.65 10650.99 10648.45 10643.81 10725.39 10792.37 10660.00 10538.38 10595.02 10669.44 10674.77
3652.07 3648.16 3623.44 3734.51 3874.05 3868.76 3905.23 4032.01 4130.12 4185.40 4197.37 4192.51 4204.00 4267.81 4336.69 4424.23 4558.59 4719.09 4920.12 5063.76 5156.03 5237.21 5280.44 5366.28 5484.09 5533.84 5592.17 5707.99 5846.50 6016.33 6187.79 6345.43 6476.06 6640.60 6853.81 7041.08 7220.66 7650.56 8107.08 8188.53 8298.00 8610.83 8927.15 9174.70 9398.87 9711.36 9974.15 10042.65 10108.13 10282.67 10413.24 10423.64 10422.82 10524.02 10606.38 10556.79 10501.45 10699.75 10891.54 10657.28 10431.54 10527.04 10639.89 10600.01
3831.98 3836.54 3802.72 3814.49 3870.28 3999.29 4145.92 4140.92 4133.63 4198.87 4231.61 4217.57 4204.72 4288.56 4386.55 4424.48 4503.28 4667.66 4848.41 4951.41 5027.09 5160.28 5281.71 5362.85 5449.14 5623.31 5805.90 5813.21 5846.71 6067.86 6298.52 6429.39 6523.22 6699.63 6938.30 7147.63 7329.50 7643.26 7987.90 8161.80 8366.87 8642.39 8880.78 9068.96 9272.09 9550.16 9775.42 9878.78 9981.74 10125.84 10239.18 10300.16 10337.29 10455.44 10555.33 10464.87 10365.77 10461.45 10557.72 10451.65 10351.27 10461.31 10588.15 10518.48
