3 Generate/1478859.asc
nrows 512
ncols 512
xllcenter 0.000000
yllcenter 0.000000
cellsize 5.000000
NODATA_value  -9999
[rows 87 to 115 of 512, columns 0 to 64 of 512]
7274.27 7377.23 7478.55 7578.06 7675.59 7770.95 7863.97 7954.49 8042.34 8127.36 8209.38 8288.24 8363.80 8435.89 8504.38 8569.12 8629.96 8686.78 8739.44 8787.82 8831.79 8871.25 8906.06 8936.14 8961.37 8981.67 8996.94 9007.10 9012.07 9011.77 9006.15 8995.13 8978.67 8956.72 8929.23 8896.18 8857.53 8813.26 8763.37 8707.83 8646.66 8579.85 8507.42 8429.39 8345.79 8256.66 8162.03 8061.95 7956.49 7845.70 7729.66 7608.43 7482.09 7350.72 7214.42 7073.26 6927.35 6776.78 6621.65 6462.06 6298.11 6129.92 5957.60 5781.25 5601.01
7202.49 7305.81 7407.47 7507.28 7605.07 7700.67 7793.90 7884.58 7972.57 8057.68 8139.76 8218.65 8294.19 8366.23 8434.63 8499.24 8559.92 8616.53 8668.95 8717.04 8760.69 8799.77 8834.19 8863.82 8888.58 8908.36 8923.07 8932.64 8936.98 8936.02 8929.70 8917.96 8900.74 8878.00 8849.70 8815.80 8776.29 8731.13 8680.33 8623.86 8561.74 8493.98 8420.58 8341.58 8257.00 8166.88 8071.27 7970.23 7863.80 7752.05 7635.06 7512.90 7385.63 7253.36 7116.16 6974.12 6827.35 6675.93 6519.97 6359.57 6194.84 6025.88 5852.81 5675.75 5494.81
7129.41 7233.06 7335.02 7435.09 7533.12 7628.92 7722.31 7813.14 7901.22 7986.39 8068.50 8147.38 8222.87 8294.83 8363.10 8427.55 8488.03 8544.40 8596.54 8644.31 8687.61 8726.30 8760.29 8789.45 8813.70 8832.94 8847.08 8856.04 8859.73 8858.10 8851.07 8838.58 8820.60 8797.06 8767.94 8733.20 8692.81 8646.77 8595.06 8537.67 8474.62 8405.92 8331.57 8251.61 8166.08 8075.01 7978.46 7876.48 7769.12 7656.46 7538.56 7415.49 7287.34 7154.20 7016.14 6873.26 6725.66 6573.44 6416.70 6255.53 6090.06 5920.39 5746.62 5568.88 5387.30
7054.98 7158.92 7261.14 7361.45 7459.68 7555.64 7649.17 7740.10 7828.24 7913.44 7995.54 8074.38 8149.79 8221.63 8289.75 8354.00 8414.25 8470.35 8522.18 8569.62 8612.53 8650.80 8684.33 8713.01 8736.73 8755.41 8768.95 8777.28 8780.31 8777.99 8770.24 8757.01 8738.25 8713.91 8683.96 8648.37 8607.13 8560.20 8507.60 8449.31 8385.34 8315.71 8240.44 8159.56 8073.11 7981.12 7883.66 7780.78 7672.53 7558.98 7440.21 7316.28 7187.29 7053.31 6914.44 6770.76 6622.38 6469.40 6311.91 6150.03 5983.86 5813.51 5639.09 5460.73 5278.54
6979.14 7083.35 7185.80 7286.31 7384.70 7480.80 7574.43 7665.42 7753.60 7838.80 7920.86 7999.61 8074.91 8146.61 8214.54 8278.57 8338.55 8394.36 8445.86 8492.92 8535.43 8573.26 8606.31 8634.47 8657.65 8675.75 8688.68 8696.37 8698.73 8695.70 8687.22 8673.24 8653.70 8628.56 8597.79 8561.36 8519.26 8471.47 8417.98 8358.81 8293.95 8223.42 8147.26 8065.48 7978.15 7885.28 7786.95 7683.20 7574.09 7459.70 7340.09 7215.35 7085.55 6950.78 6811.13 6666.70 6517.58 6363.88 6205.69 6043.14 5876.31 5705.33 5530.31 5351.37 5168.62
6901.85 7006.29 7108.94 7209.62 7308.14 7404.35 7498.04 7589.07 7677.24 7762.41 7844.40 7923.05 7998.21 8069.72 8137.43 8201.21 8260.91 8316.40 8367.54 8414.20 8456.28 8493.65 8526.20 8553.84 8576.45 8593.96 8606.26 8613.29 8614.98 8611.24 8602.03 8587.29 8566.97 8541.04 8509.46 8472.20 8429.26 8380.61 8326.27 8266.23 8200.50 8129.11 8052.08 7969.46 7881.27 7787.56 7688.39 7583.81 7473.89 7358.69 7238.29 7112.76 6982.20 6846.68 6706.30 6561.15 6411.34 6256.96 6098.12 5934.93 5767.50 5595.93 5420.36 5240.88 5057.62
6823.06 6927.69 7030.51 7131.33 7229.96 7326.23 7419.97 7511.00 7599.14 7684.24 7766.13 7844.65 7919.63 7990.94 8058.41 8121.92 8181.30 8236.44 8287.20 8333.45 8375.08 8411.97 8444.01 8471.09 8493.14 8510.03 8521.71 8528.08 8529.07 8524.63 8514.69 8499.19 8478.10 8451.38 8419.00 8380.93 8337.16 8287.69 8232.50 8171.63 8105.07 8032.85 7955.00 7871.55 7782.54 7688.03 7588.06 7482.69 7371.99 7256.02 7134.87 7008.61 6877.32 6741.09 6600.02 6454.20 6303.73 6148.72 5989.27 5825.49 5657.50 5485.40 5309.31 5129.35 4945.63
6742.71 6847.52 6950.47 7051.40 7150.11 7246.42 7340.17 7431.17 7519.25 7604.26 7686.02 7764.38 7839.17 7910.24 7977.45 8040.65 8099.71 8154.48 8204.83 8250.65 8291.81 8328.21 8359.72 8386.25 8407.70 8423.99 8435.02 8440.73 8441.04 8435.89 8425.21 8408.97 8387.12 8359.63 8326.46 8287.59 8243.02 8192.75 8136.76 8075.08 8007.72 7934.71 7856.06 7771.83 7682.05 7586.76 7486.03 7379.91 7268.47 7151.78 7029.91 6902.95 6770.97 6634.08 6492.36 6345.91 6194.84 6039.24 5879.23 5714.91 5546.40 5373.81 5197.25 5016.85 4832.72
6660.78 6765.72 6868.79 6969.79 7068.54 7164.87 7258.60 7349.55 7437.55 7522.44 7604.04 7682.21 7756.78 7827.60 7894.52 7957.40 8016.10 8070.49 8120.43 8165.80 8206.48 8242.36 8273.34 8299.30 8320.17 8335.83 8346.23 8351.27 8350.90 8345.04 8333.65 8316.67 8294.08 8265.82 8231.89 8192.25 8146.91 8095.87 8039.11 7976.66 7908.54 7834.76 7755.36 7670.38 7579.86 7483.84 7382.39 7275.55 7163.41 7046.03 6923.49 6795.87 6663.26 6525.74 6383.42 6236.38 6084.74 5928.60 5768.07 5603.26 5434.27 5261.24 5084.27 4830.19 4645.02
6577.20 6682.27 6785.41 6886.47 6985.24 7081.55 7175.23 7266.10 7354.00 7438.74 7520.17 7598.13 7672.46 7743.00 7809.61 7872.16 7930.49 7984.47 8033.97 8078.89 8119.08 8154.44 8184.87 8210.27 8230.53 8245.58 8255.34 8259.72 8258.67 8252.13 8240.03 8222.34 8199.01 8170.03 8135.35 8094.98 8048.90 7997.12 7939.62 7876.44 7807.59 7733.09 7652.97 7567.27 7476.05 7379.33 7277.20 7169.69 7056.89 6938.87 6815.69 6687.46 6554.24 6416.15 6273.26 6125.68 5973.52 5816.89 5655.88 5419.89 5249.72 5075.54 4897.49 4715.68 4530.22
6491.95 6597.10 6700.31 6801.38 6900.15 6996.43 7090.04 7180.81 7268.57 7353.15 7434.38 7512.11 7586.17 7656.43 7722.72 7784.90 7842.85 7896.42 7945.48 7989.92 8029.61 8064.45 8094.34 8119.16 8138.83 8153.27 8162.40 8166.13 8164.42 8157.19 8144.41 8126.02 8102.00 8072.30 8036.92 7995.85 7949.06 7896.57 7838.38 7774.49 7704.95 7629.76 7548.96 7462.59 7370.69 7273.32 7170.54 7062.40 6948.98 6830.35 6706.59 6577.78 6444.01 6305.37 6161.97 5946.04 5792.55 5634.63 5472.40 5305.95 5135.42 4960.92 4782.57 4600.49 4414.80
6404.99 6510.20 6613.44 6714.52 6813.26 6909.48 7003.00 7093.64 7181.25 7265.64 7346.65 7424.14 7497.92 7567.87 7633.82 7695.64 7753.19 7806.33 7854.94 7898.91 7938.10 7972.42 8001.75 8026.01 8045.09 8058.93 8067.43 8070.53 8068.17 8060.29 8046.84 8027.79 8003.09 7972.73 7936.67 7894.92 7847.46 7794.30 7735.44 7670.89 7600.69 7524.84 7443.40 7356.39 7263.87 7165.89 7062.50 6953.77 6839.77 6720.57 6596.26 6466.92 6266.99 6126.95 5982.19 5832.80 5678.91 5520.60 5358.01 5191.23 5020.40 4845.62 4667.02 4484.71 4298.83
6316.28 6421.54 6524.79 6625.85 6724.54 6820.67 6914.08 7004.59 7092.02 7176.20 7256.99 7334.21 7407.70 7477.32 7542.93 7604.37 7661.52 7714.23 7762.39 7805.87 7844.57 7878.36 7907.15 7930.85 7949.36 7962.60 7970.50 7972.98 7970.00 7961.49 7947.41 7927.71 7902.38 7871.37 7834.68 7792.28 7744.19 7690.39 7630.89 7565.72 7494.89 7418.43 7336.38 7248.78 7155.67 7057.10 6953.15 6843.87 6666.98 6546.29 6420.52 6289.75 6154.09 6013.62 5868.46 5718.69 5564.42 5405.78 5242.87 5075.81 4904.72 4729.71 4550.91 4368.43 4182.41
6225.81 6331.08 6434.32 6535.34 6633.96 6730.00 6823.28 6913.62 7000.87 7084.84 7165.37 7242.32 7315.51 7384.80 7450.05 7511.11 7567.84 7620.13 7667.83 7710.84 7749.04 7782.32 7810.58 7833.73 7851.68 7864.34 7871.66 7873.55 7869.97 7860.86 7846.17 7825.87 7799.93 7768.31 7731.01 7688.01 7639.31 7584.91 7524.81 7459.05 7387.63 7310.60 7227.98 7139.81 6987.27 6887.15 6781.67 6670.88 6554.88 6433.73 6307.51 6176.33 6040.26 5899.41 5753.87 5603.76 5449.19 5290.25 5127.08 4959.78 4788.47 4613.28 4434.32 4251.73 4065.61
6133.54 6238.81 6342.02 6442.99 6541.52 6637.44 6730.58 6820.75 6907.79 6991.53 7071.81 7148.47 7221.35 7290.31 7355.19 7415.87 7472.20 7524.05 7571.31 7613.85 7651.56 7684.33 7712.07 7734.69 7752.10 7764.21 7770.97 7772.31 7768.16 7758.47 7743.21 7722.34 7695.82 7663.63 7625.75 7582.17 7532.90 7477.93 7417.28 7350.96 7223.70 7145.08 7060.88 6971.17 6875.98 6775.38 6669.43 6558.20 6441.75 6320.18 6193.57 6062.00 5925.57 5784.38 5638.53 5488.12 5333.27 5174.09 5010.70 4843.21 4671.74 4496.41 4317.35 4134.68 3948.53
6039.46 6144.71 6247.88 6348.77 6447.20 6543.00 6635.97 6725.96 6812.79 6896.30 6976.31 7052.68 7125.25 7193.87 7258.39 7318.68 7374.61 7426.04 7472.85 7514.93 7552.17 7584.46 7611.70 7633.81 7650.70 7662.29 7668.52 7669.32 7664.63 7654.41 7638.61 7617.19 7590.12 7557.39 7518.97 7474.85 7425.05 7316.83 7254.59 7186.70 7113.19 7034.07 6949.40 6859.22 6763.58 6662.54 6556.16 6444.52 6327.68 6205.74 6078.76 5946.86 5810.11 5668.62 5522.50 5371.84 5216.77 5057.39 4893.82 4726.19 4554.60 4379.19 4200.08 4017.38 3831.23
5943.55 6048.78 6151.89 6252.70 6351.01 6446.67 6539.48 6629.27 6715.89 6799.15 6878.89 6954.97 7027.22 7095.50 7159.67 7219.59 7275.11 7326.13 7372.52 7414.15 7450.93 7482.76 7509.52 7531.15 7547.55 7558.65 7564.38 7564.67 7559.48 7548.75 7532.43 7510.50 7482.92 7400.57 7360.59 7314.92 7263.56 7206.52 7143.81 7075.46 7001.48 6921.92 6836.81 6746.20 6650.15 6548.71 6441.95 6329.94 6212.75 6090.47 5963.18 5830.98 5693.96 5552.22 5405.86 5255.01 5099.76 4940.23 4776.53 4608.80 4437.15 4261.70 4082.58 3899.91 3713.82
5845.82 5951.00 6054.05 6154.76 6252.96 6348.46 6441.10 6530.70 6617.09 6700.10 6779.58 6855.37 6927.31 6995.26 7059.07 7118.62 7173.77 7224.39 7270.36 7311.57 7347.92 7379.30 7405.62 7426.79 7442.73 7453.37 7458.62 7458.45 7452.77 7395.99 7378.16 7354.72 7325.62 7290.86 7250.42 7204.30 7152.49 7095.00 7031.85 6963.07 6888.67 6808.70 6723.19 6632.19 6535.77 6433.97 6326.86 6214.52 6097.03 5974.45 5846.89 5714.44 5577.19 5435.25 5288.71 5137.70 4982.31 4822.68 4658.91 4491.13 4319.46 4144.02 3964.94 3782.34 3596.36
5746.27 5851.40 5954.36 6054.97 6153.04 6248.40 6340.86 6430.26 6516.43 6599.20 6678.41 6753.91 6825.55 6893.18 6956.66 7015.85 7070.63 7120.87 7166.45 7207.27 7243.21 7274.18 7300.08 7320.82 7336.32 7304.32 7308.15 7306.53 7299.41 7286.74 7268.48 7244.60 7215.07 7179.88 7139.01 7092.46 7040.24 6982.34 6918.79 6849.62 6774.83 6694.49 6608.62 6517.28 6420.52 6318.40 6210.99 6098.37 5980.60 5857.78 5730.00 5597.34 5459.90 5317.80 5171.12 5020.00 4864.53 4704.83 4541.04 4373.25 4201.61 4026.23 3847.24 3664.77 3478.94
5644.90 5749.98 5852.86 5953.36 6051.30 6146.50 6238.79 6327.99 6413.94 6496.47 6575.43 6650.65 6722.00 6789.32 6852.48 6911.34 6965.77 7015.66 7060.88 7101.32 7136.88 7167.46 7152.99 7172.39 7186.54 7195.36 7198.79 7196.77 7189.24 7176.16 7157.50 7133.21 7103.29 7067.70 7026.44 6979.50 6926.90 6868.63 6804.71 6735.18 6660.05 6579.37 6493.18 6401.53 6304.48 6202.09 6094.42 5981.55 5863.56 5740.53 5612.56 5479.74 5342.17 5199.94 5053.18 4901.99 4746.48 4586.77 4422.99 4255.26 4083.69 3908.42 3729.57 3547.27 3361.65
5541.74 5646.76 5749.56 5849.95 5947.76 6042.81 6134.93 6223.94 6309.68 6391.98 6470.69 6545.66 6616.73 6683.76 6746.62 6805.17 6859.28 6908.84 6916.67 6955.90 6990.22 7019.54 7043.76 7062.80 7076.58 7085.04 7088.09 7085.70 7077.79 7064.34 7045.31 7020.65 6990.36 6954.41 6912.79 6865.50 6812.55 6753.94 6689.70 6619.85 6544.41 6463.44 6376.97 6285.05 6187.74 6085.11 5977.22 5864.15 5745.98 5622.79 5494.68 5361.74 5224.07 5081.77 4934.96 4783.75 4628.25 4468.58 4304.86 4137.22 3965.78 3790.66 3612.00 3429.92 3244.56
5436.83 5541.78 5644.50 5744.79 5842.47 5937.38 6029.33 6118.16 6203.70 6285.79 6364.27 6438.99 6509.80 6576.57 6604.70 6662.19 6715.21 6763.64 6807.37 6846.29 6880.29 6909.28 6933.17 6951.88 6965.32 6973.43 6976.14 6973.40 6965.15 6951.36 6931.98 6906.99 6876.36 6840.08 6798.14 6750.53 6697.27 6638.36 6573.83 6503.69 6427.99 6346.76 6260.04 6167.89 6070.37 5967.54 5859.48 5746.25 5627.93 5504.63 5376.42 5243.40 5105.68 4963.36 4816.55 4665.37 4509.92 4350.33 4186.72 4019.22 3847.95 3673.04 3494.62 3312.81 3127.75
5330.19 5435.08 5537.72 5637.91 5735.48 5830.25 5922.05 6010.71 6096.07 6177.96 6223.97 6297.81 6367.70 6433.50 6495.09 6552.32 6605.08 6653.23 6696.68 6735.31 6769.02 6797.71 6821.29 6839.69 6852.82 6860.62 6863.02 6859.96 6851.40 6837.30 6817.61 6792.31 6761.38 6724.80 6682.57 6634.68 6581.14 6521.97 6457.18 6386.80 6310.86 6229.42 6142.49 6050.16 5952.46 5849.48 5741.28 5627.93 5509.52 5386.13 5257.87 5124.83 4987.10 4844.80 4698.03 4546.92 4391.57 4232.11 4068.66 3901.35 3730.30 3555.64 3377.50 3196.01 3011.30
5221.88 5326.73 5429.29 5529.40 5626.86 5721.51 5813.18 5870.62 5955.24 6036.36 6113.81 6187.45 6257.14 6322.73 6384.09 6441.08 6493.60 6541.50 6584.69 6623.06 6656.49 6684.91 6708.22 6726.34 6739.19 6746.70 6748.81 6745.47 6736.63 6722.24 6702.28 6676.70 6645.50 6608.66 6566.17 6518.03 6464.26 6404.85 6339.84 6269.26 6193.13 6111.50 6024.41 5931.92 5834.10 5731.00 5622.70 5509.27 5390.81 5267.39 5139.11 5006.08 4868.39 4726.16 4579.48 4428.48 4273.28 4114.00 3950.75 3783.68 3612.90 3438.54 3260.73 3079.61 2895.30
5111.96 5216.77 5319.28 5389.63 5486.56 5580.63 5671.67 5759.51 5843.99 5924.96 6002.25 6075.71 6145.22 6210.61 6271.77 6328.56 6380.85 6428.53 6471.49 6509.61 6542.81 6570.98 6594.04 6611.90 6624.49 6631.75 6633.61 6630.01 6620.92 6606.28 6586.07 6560.25 6528.82 6491.75 6449.03 6400.68 6346.70 6287.10 6221.91 6151.15 6074.86 5993.09 5905.88 5813.28 5715.36 5612.18 5503.82 5390.36 5271.88 5148.48 5020.23 4887.26 4749.65 4607.52 4460.98 4310.14 4155.13 3996.07 3833.08 3666.28 3495.82 3321.81 3144.38 2963.68 2779.82
4971.38 5075.83 5177.92 5277.49 5374.36 5468.35 5559.30 5647.03 5731.40 5812.23 5889.38 5962.70 6032.04 6097.26 6158.24 6214.84 6266.94 6314.42 6357.17 6395.08 6428.06 6456.01 6478.84 6496.48 6508.85 6515.88 6517.52 6513.70 6504.38 6489.53 6469.10 6443.07 6411.43 6374.17 6331.27 6282.73 6228.58 6168.82 6103.48 6032.59 5956.18 5874.30 5787.00 5694.33 5596.35 5493.14 5384.76 5271.31 5152.85 5029.49 4901.32 4768.44 4630.96 4488.98 4342.61 4191.98 4037.21 3878.41 3715.72 3549.25 3379.15 3205.53 3028.54 2848.30 2664.94
4857.95 4962.39 5064.47 5164.00 5260.82 5354.76 5445.63 5533.28 5617.55 5698.27 5775.30 5848.50 5917.70 5982.78 6043.60 6100.04 6151.97 6199.27 6241.84 6279.57 6312.36 6340.12 6362.76 6380.21 6392.38 6399.21 6400.65 6396.64 6387.13 6372.09 6351.48 6325.28 6293.47 6256.04 6212.98 6164.30 6110.02 6050.13 5984.68 5913.69 5837.20 5755.24 5667.89 5575.18 5477.18 5373.97 5265.62 5152.21 5033.82 4910.55 4782.49 4649.75 4512.42 4370.63 4224.49 4074.11 3919.61 3761.12 3598.77 3432.68 3262.98 3089.80 2913.28 2733.55 2550.73
4743.21 4847.67 4949.75 5049.27 5146.07 5239.96 5330.78 5418.37 5502.57 5583.21 5660.14 5733.23 5802.32 5867.28 5927.97 5984.27 6036.06 6083.22 6125.64 6163.21 6195.84 6223.44 6245.92 6263.19 6275.20 6281.87 6283.14 6278.97 6269.30 6254.11 6233.35 6207.00 6175.05 6137.49 6094.31 6045.53 5991.14 5931.16 5865.64 5794.58 5718.04 5636.05 5548.67 5455.97 5357.99 5254.82 5146.52 5033.19 4914.90 4791.76 4663.85 4531.28 4394.17 4252.61 4106.72 3956.63 3802.45 3644.31 3482.34 3316.66 3147.41 2974.71 2798.71 2619.52 2437.30
4627.28 4731.77 4833.88 4933.41 5030.20 5124.08 5214.87 5302.42 5386.57 5467.15 5544.02 5617.02 5686.03 5750.89 5811.49 5867.68 5919.35 5966.39 6008.69 6046.13 6078.63 6106.10 6128.44 6145.58 6157.45 6163.99 6165.13 6160.83 6151.03 6135.72 6114.84 6088.38 6056.33 6018.67 5975.41 5926.54 5872.08 5812.05 5746.48 5675.40 5598.84 5516.85 5429.50 5336.83 5238.90 5135.80 5027.60 4914.39 4796.24 4673.26 4545.54 4413.19 4276.31 4135.02 3989.43 3839.66 3685.84 3528.09 3366.54 3201.31 3032.55 2860.38 2684.93 2506.34 2324.74
