3 Generate/1478859.asc
nrows 512
ncols 512
xllcenter 0.000000
yllcenter 0.000000
cellsize 5.000000
NODATA_value  -9999
[rows 319 to 347 of 512, columns 260 to 324 of 512]
-7543.75 -7431.82 -7315.54 -7194.94 -7070.06 -6940.94 -6807.62 -6670.17 -6528.62 -6383.05 -6233.50 -6080.06 -5922.79 -5761.76 -5597.06 -5428.76 -5256.94 -5081.70 -4903.13 -4721.32 -4536.38 -4348.38 -4157.45 -3963.68 -3767.19 -3568.08 -3366.47 -3162.46 -2956.18 -2747.74 -2537.27 -2324.87 -2110.69 -1894.83 -1677.43 -1458.62 -1238.51 -1017.25 -794.96 -571.77 -347.81 -123.22 101.86 327.31 552.98 778.74 1004.45 1229.97 1455.17 1679.90 1904.01 2127.37 2349.83 2571.24 2791.46 3010.33 3227.71 3443.45 3657.38 3869.34 4079.19 4286.76 4491.90 4694.45 4894.29
-7450.88 -7335.54 -7215.87 -7091.91 -6963.71 -6831.31 -6694.77 -6554.12 -6409.44 -6260.78 -6108.21 -5951.81 -5791.63 -5627.77 -5460.29 -5289.30 -5114.87 -4937.09 -4756.06 -4571.87 -4384.63 -4194.44 -4001.40 -3805.61 -3607.20 -3406.27 -3202.93 -2997.30 -2789.50 -2579.65 -2367.86 -2154.27 -1938.99 -1722.15 -1503.88 -1284.30 -1063.54 -841.74 -619.02 -395.51 -171.35 53.33 278.40 503.72 729.16 954.58 1179.85 1404.83 1629.37 1853.35 2076.62 2299.05 2520.48 2740.77 2959.79 3177.39 3393.42 3607.73 3820.17 4030.59 4238.83 4444.74 4648.16 4848.94 5046.94
-7357.62 -7238.88 -7115.85 -6988.57 -6857.08 -6721.44 -6581.69 -6437.90 -6290.11 -6138.41 -5982.85 -5823.51 -5660.48 -5493.82 -5323.62 -5149.97 -4972.96 -4792.69 -4609.24 -4422.72 -4233.24 -4040.89 -3845.79 -3648.04 -3447.75 -3245.04 -3040.03 -2832.83 -2623.56 -2412.35 -2199.31 -1984.57 -1768.25 -1550.49 -1331.40 -1111.11 -889.77 -667.48 -444.39 -220.63 3.67 228.39 453.37 678.51 903.65 1128.66 1353.42 1577.77 1801.60 2024.76 2247.11 2468.52 2688.84 2907.94 3125.69 3341.92 3556.51 3769.31 3980.17 4188.94 4395.48 4599.64 4801.25 5000.17 5196.26
-7264.10 -7142.01 -7015.65 -6885.08 -6750.34 -6611.49 -6468.58 -6321.67 -6170.82 -6016.11 -5857.60 -5695.38 -5529.52 -5360.11 -5187.23 -5010.97 -4831.43 -4648.71 -4462.89 -4274.09 -4082.41 -3887.96 -3690.84 -3491.17 -3289.06 -3084.63 -2878.00 -2669.28 -2458.60 -2246.08 -2031.84 -1816.00 -1598.71 -1380.07 -1160.22 -939.29 -717.41 -494.70 -271.31 -47.35 177.04 401.72 626.56 851.44 1076.22 1300.76 1524.93 1748.60 1971.64 2193.90 2415.26 2635.58 2854.72 3072.56 3288.94 3503.73 3716.80 3928.00 4137.19 4344.23 4548.98 4751.28 4951.00 5147.97 5342.06
-7170.51 -7045.09 -6915.44 -6781.62 -6643.67 -6501.64 -6355.60 -6205.62 -6051.75 -5894.07 -5732.66 -5567.60 -5398.96 -5226.84 -5051.32 -4872.50 -4690.48 -4505.35 -4317.21 -4126.18 -3932.35 -3735.84 -3536.76 -3335.23 -3131.35 -2925.25 -2717.05 -2506.87 -2294.83 -2081.05 -1865.66 -1648.80 -1430.57 -1211.12 -990.57 -769.05 -546.69 -323.62 -99.98 124.11 348.52 573.10 797.74 1022.30 1246.65 1470.65 1694.18 1917.09 2139.27 2360.57 2580.87 2800.03 3017.92 3234.40 3449.35 3662.62 3874.09 4083.61 4291.05 4496.28 4699.14 4899.51 5097.23 5292.17 5484.17
-7076.99 -6948.28 -6815.38 -6678.34 -6537.22 -6392.06 -6242.94 -6089.93 -5933.08 -5772.48 -5608.21 -5440.35 -5268.98 -5094.20 -4916.09 -4734.76 -4550.30 -4362.82 -4172.41 -3979.20 -3783.27 -3584.76 -3383.77 -3180.42 -2974.83 -2767.11 -2557.40 -2345.80 -2132.46 -1917.48 -1701.01 -1483.16 -1264.07 -1043.86 -822.66 -600.61 -377.84 -154.47 69.36 293.53 517.89 742.33 966.70 1190.88 1414.73 1638.13 1860.95 2083.04 2304.29 2524.57 2743.74 2961.67 3178.23 3393.30 3606.73 3818.41 4028.20 4235.97 4441.58 4644.91 4845.81 5044.15 5239.80 5432.61 5622.45
-6983.69 -6851.73 -6715.63 -6575.42 -6431.16 -6282.92 -6130.76 -5974.76 -5814.98 -5651.52 -5484.43 -5313.82 -5139.77 -4962.38 -4781.73 -4597.94 -4411.10 -4221.31 -4028.69 -3833.34 -3635.38 -3434.91 -3232.07 -3026.96 -2819.70 -2610.43 -2399.25 -2186.31 -1971.71 -1755.59 -1538.09 -1319.32 -1099.41 -878.50 -656.72 -434.20 -211.07 12.55 236.51 460.69 684.95 909.17 1133.21 1356.95 1580.25 1802.99 2025.02 2246.24 2466.50 2685.68 2903.65 3120.29 3335.46 3549.04 3760.89 3970.91 4178.95 4384.89 4588.60 4789.94 4988.80 5185.05 5378.53 5569.14 5756.72
-6890.76 -6755.61 -6616.33 -6473.00 -6325.66 -6174.38 -6019.23 -5860.29 -5697.63 -5531.34 -5361.49 -5188.19 -5011.51 -4831.56 -4648.43 -4462.23 -4273.05 -4081.02 -3886.23 -3688.81 -3488.86 -3286.50 -3081.85 -2875.04 -2666.18 -2455.40 -2242.82 -2028.58 -1812.79 -1595.59 -1377.11 -1157.48 -936.82 -715.27 -492.96 -270.02 -46.59 177.21 401.24 625.38 849.48 1073.43 1297.08 1520.32 1743.00 1965.01 2186.21 2406.49 2625.70 2843.72 3060.43 3275.71 3489.42 3701.44 3911.66 4119.94 4326.16 4530.19 4731.93 4931.23 5127.97 5322.03 5513.29 5701.60 5886.85
-6798.35 -6660.05 -6517.65 -6371.24 -6220.87 -6066.60 -5908.51 -5746.69 -5581.20 -5412.13 -5239.58 -5063.63 -4884.37 -4701.92 -4516.36 -4327.80 -4136.35 -3942.13 -3745.23 -3545.79 -3343.91 -3139.72 -2933.33 -2724.87 -2514.46 -2302.23 -2088.31 -1872.83 -1655.91 -1437.68 -1218.28 -997.84 -776.49 -554.35 -331.58 -108.28 115.39 339.32 563.36 787.39 1011.28 1234.89 1458.10 1680.77 1902.78 2124.01 2344.31 2563.58 2781.68 2998.48 3213.87 3427.72 3639.92 3850.33 4058.83 4265.31 4469.65 4671.72 4871.41 5068.59 5263.15 5454.96 5643.90 5829.85 6012.69
-6706.61 -6565.20 -6419.74 -6270.30 -6116.94 -5959.74 -5798.77 -5634.11 -5465.84 -5294.06 -5118.85 -4940.31 -4758.54 -4573.64 -4385.70 -4194.85 -4001.19 -3804.83 -3605.89 -3404.48 -3200.73 -2994.76 -2786.68 -2576.63 -2364.74 -2151.13 -1935.92 -1719.25 -1501.26 -1282.07 -1061.81 -840.62 -618.63 -395.97 -172.78 50.81 274.67 498.66 722.66 946.53 1170.14 1393.36 1616.06 1838.11 2059.39 2279.77 2499.12 2717.33 2934.25 3149.78 3363.79 3576.16 3786.77 3995.50 4202.24 4406.85 4609.25 4809.29 5006.87 5201.86 5394.17 5583.66 5770.23 5953.74 6134.09
-6615.67 -6471.21 -6322.73 -6170.32 -6014.03 -5853.95 -5690.15 -5522.71 -5351.73 -5177.29 -4999.49 -4818.41 -4634.18 -4446.89 -4256.64 -4063.55 -3867.73 -3669.30 -3468.36 -3265.06 -3059.50 -2851.80 -2642.10 -2430.53 -2217.21 -2002.27 -1785.84 -1568.05 -1349.04 -1128.94 -907.88 -686.00 -463.44 -240.31 -16.77 207.06 431.04 655.04 878.94 1102.59 1325.86 1548.63 1770.77 1992.15 2212.64 2432.12 2650.46 2867.54 3083.23 3297.43 3510.00 3720.83 3929.80 4136.80 4341.70 4544.40 4744.78 4942.74 5138.14 5330.90 5520.88 5708.00 5892.11 6073.13 6250.93
-6525.67 -6378.21 -6226.78 -6071.45 -5912.29 -5749.38 -5582.81 -5412.66 -5239.01 -5061.97 -4881.63 -4698.09 -4511.46 -4321.83 -4129.33 -3934.07 -3736.15 -3535.71 -3332.85 -3127.70 -2920.39 -2711.04 -2499.78 -2286.74 -2072.05 -1855.84 -1638.25 -1419.40 -1199.44 -978.49 -756.70 -534.19 -311.10 -87.58 136.26 360.27 584.32 808.27 1032.00 1255.37 1478.26 1700.52 1922.04 2142.68 2362.33 2580.85 2798.12 3014.02 3228.44 3441.24 3652.32 3861.56 4068.83 4274.04 4477.06 4677.78 4876.10 5071.90 5265.08 5455.54 5643.15 5827.81 6009.42 6187.88 6363.06
-6436.74 -6286.34 -6132.01 -5973.82 -5811.85 -5646.18 -5476.89 -5304.09 -5127.84 -4948.26 -4765.45 -4579.50 -4390.53 -4198.64 -4003.95 -3806.58 -3606.63 -3404.23 -3199.51 -2992.59 -2783.59 -2572.65 -2359.89 -2145.45 -1929.45 -1712.04 -1493.34 -1273.50 -1052.64 -830.91 -608.44 -385.36 -161.82 62.05 286.12 510.25 734.31 958.16 1181.67 1404.70 1627.14 1848.84 2069.68 2289.54 2508.28 2725.79 2941.94 3156.62 3369.69 3581.05 3790.58 3998.17 4203.69 4407.06 4608.13 4806.83 5003.03 5196.63 5387.53 5575.62 5760.80 5942.97 6122.02 6297.85 6470.37
-6349.01 -6195.73 -6038.56 -5877.57 -5712.85 -5544.48 -5372.55 -5197.15 -5018.37 -4836.32 -4651.10 -4462.81 -4271.56 -4077.48 -3880.66 -3681.23 -3479.32 -3275.04 -3068.52 -2859.88 -2649.27 -2436.79 -2222.60 -2006.82 -1789.58 -1571.03 -1351.30 -1130.52 -908.83 -686.38 -463.29 -239.71 -15.77 208.39 432.64 656.83 880.83 1104.52 1327.75 1550.40 1772.33 1993.41 2213.52 2432.53 2650.32 2866.77 3081.74 3295.13 3506.82 3716.68 3924.61 4130.50 4334.23 4535.69 4734.78 4931.40 5125.43 5316.78 5505.34 5691.02 5873.72 6053.33 6229.77 6402.93 6572.71
-6262.60 -6106.50 -5946.56 -5782.84 -5615.43 -5444.43 -5269.91 -5091.98 -4910.74 -4726.28 -4538.72 -4348.15 -4154.70 -3958.48 -3759.60 -3558.20 -3354.38 -3148.28 -2940.03 -2729.75 -2517.58 -2303.65 -2088.08 -1871.03 -1652.62 -1432.99 -1212.28 -990.63 -768.18 -545.06 -321.42 -97.39 126.88 351.27 575.63 799.82 1023.72 1247.18 1470.08 1692.28 1913.65 2134.06 2353.39 2571.50 2788.28 3003.61 3217.35 3429.41 3639.65 3847.97 4054.25 4258.39 4460.27 4659.79 4856.84 5051.32 5243.14 5432.19 5618.37 5801.59 5981.76 6158.77 6332.54 6502.98 6669.98
-6177.63 -6018.79 -5856.13 -5689.75 -5519.72 -5346.15 -5169.12 -4988.73 -4805.09 -4618.29 -4428.45 -4235.67 -4040.09 -3841.80 -3640.94 -3437.62 -3231.97 -3024.13 -2814.21 -2602.36 -2388.69 -2173.36 -1956.50 -1738.24 -1518.72 -1298.08 -1076.46 -854.01 -630.85 -407.14 -183.00 41.41 265.96 490.51 714.92 939.06 1162.79 1385.98 1608.48 1830.18 2050.93 2270.61 2489.10 2706.27 2921.99 3136.14 3348.61 3559.28 3768.04 3974.76 4179.34 4381.68 4581.67 4779.19 4974.16 5166.47 5356.02 5542.73 5726.48 5907.20 6084.78 6259.15 6430.21 6597.87 6762.05
-6094.22 -5932.69 -5767.39 -5598.42 -5425.84 -5249.77 -5070.29 -4887.52 -4701.54 -4512.47 -4320.43 -4125.52 -3927.87 -3727.59 -3524.80 -3319.64 -3112.24 -2902.71 -2691.20 -2477.84 -2262.76 -2046.10 -1828.00 -1608.60 -1388.04 -1166.46 -944.00 -720.80 -497.00 -272.75 -48.20 176.54 401.30 625.96 850.37 1074.39 1297.89 1520.74 1742.80 1963.94 2184.02 2402.92 2620.52 2836.68 3051.29 3264.23 3475.37 3684.60 3891.82 4096.90 4299.74 4500.24 4698.28 4893.77 5086.61 5276.70 5463.95 5648.26 5829.55 6007.72 6182.69 6354.36 6522.67 6687.52 6848.83
-6012.48 -5848.34 -5680.47 -5508.97 -5333.91 -5155.41 -4973.56 -4788.47 -4600.24 -4408.97 -4214.80 -4017.82 -3818.17 -3615.97 -3411.34 -3204.41 -2995.32 -2784.18 -2571.15 -2356.35 -2139.92 -1922.01 -1702.74 -1482.27 -1260.74 -1038.28 -815.04 -591.17 -366.80 -142.08 82.84 307.84 532.75 757.45 981.79 1205.64 1428.86 1651.32 1872.87 2093.39 2312.75 2530.82 2747.47 2962.58 3176.03 3387.70 3597.47 3805.22 4010.85 4214.25 4415.30 4613.91 4809.97 5003.38 5194.05 5381.88 5566.78 5748.67 5927.44 6103.03 6275.33 6444.29 6609.80 6771.80 6930.20
-5932.52 -5765.83 -5595.46 -5421.51 -5244.05 -5063.20 -4879.05 -4691.71 -4501.29 -4307.91 -4111.67 -3912.71 -3711.14 -3507.09 -3300.69 -3092.06 -2881.35 -2668.68 -2454.19 -2238.03 -2020.33 -1801.22 -1580.86 -1359.39 -1136.95 -913.68 -689.74 -465.25 -240.38 -15.26 209.97 435.16 660.16 884.84 1109.06 1332.68 1555.56 1777.56 1998.55 2218.41 2436.99 2654.17 2869.83 3083.84 3296.07 3506.42 3714.77 3921.00 4125.00 4326.66 4525.88 4722.56 4916.60 5107.89 5296.35 5481.88 5664.40 5843.82 6020.05 6193.01 6362.62 6528.81 6691.50 6850.61 7006.07
-5854.43 -5685.28 -5512.49 -5336.15 -5156.36 -4973.23 -4786.86 -4597.35 -4404.83 -4209.40 -4011.18 -3810.30 -3606.89 -3401.07 -3192.97 -2982.72 -2770.46 -2556.33 -2340.47 -2123.01 -1904.10 -1683.89 -1462.50 -1240.10 -1016.82 -792.82 -568.23 -343.20 -117.89 107.57 333.04 558.36 783.39 1007.99 1232.03 1455.35 1677.83 1899.33 2119.71 2338.84 2556.59 2772.83 2987.44 3200.30 3411.27 3620.26 3827.14 4031.80 4234.12 4434.01 4631.36 4826.08 5018.04 5207.18 5393.40 5576.60 5756.70 5933.61 6107.26 6277.57 6444.45 6607.85 6767.67 6923.87 7076.35
-5778.31 -5606.77 -5431.63 -5253.00 -5070.96 -4885.63 -4697.11 -4505.51 -4310.95 -4113.55 -3913.43 -3710.72 -3505.54 -3298.02 -3088.30 -2876.50 -2662.78 -2447.27 -2230.10 -2011.42 -1791.38 -1570.12 -1347.79 -1124.53 -900.48 -675.81 -450.65 -225.15 0.54 226.28 451.91 677.30 902.30 1126.76 1350.55 1573.53 1795.55 2016.48 2236.19 2454.55 2671.41 2886.67 3100.18 3311.84 3521.51 3729.09 3934.45 4137.49 4338.11 4536.19 4731.62 4924.33 5114.20 5301.14 5485.08 5665.90 5843.55 6017.93 6188.97 6356.59 6520.72 6681.29 6838.23 6991.48 7140.96
-5704.26 -5530.41 -5353.00 -5172.14 -4987.93 -4800.48 -4609.89 -4416.28 -4219.77 -4020.48 -3818.54 -3614.07 -3407.20 -3198.06 -2986.79 -2773.53 -2558.42 -2341.60 -2123.20 -1903.39 -1682.29 -1460.06 -1236.84 -1012.80 -788.06 -562.78 -337.12 -111.21 114.78 340.73 566.47 791.86 1016.76 1241.03 1464.51 1687.08 1908.59 2128.90 2347.89 2565.41 2781.34 2995.56 3207.93 3418.33 3626.66 3832.78 4036.59 4237.98 4436.83 4633.06 4826.55 5017.21 5204.94 5389.66 5571.28 5749.71 5924.87 6096.69 6265.09 6429.99 6591.34 6749.06 6903.08 7053.36 7199.81
-5632.36 -5456.28 -5276.68 -5093.68 -4907.38 -4717.88 -4525.31 -4329.77 -4131.39 -3930.30 -3726.61 -3520.46 -3311.98 -3101.30 -2888.57 -2673.92 -2457.50 -2239.44 -2019.89 -1799.01 -1576.93 -1353.81 -1129.79 -905.03 -679.67 -453.86 -227.76 -1.52 224.72 450.80 676.59 901.92 1126.66 1350.67 1573.79 1795.89 2016.82 2236.46 2454.67 2671.31 2886.26 3099.39 3310.56 3519.68 3726.60 3931.23 4133.44 4333.13 4530.19 4724.52 4916.03 5104.61 5290.18 5472.64 5651.91 5827.91 6000.56 6169.79 6335.52 6497.69 6656.23 6811.07 6962.16 7109.44 7252.85
-5562.70 -5384.46 -5202.76 -5017.70 -4829.39 -4637.93 -4443.46 -4246.07 -4045.90 -3843.08 -3637.73 -3429.98 -3219.97 -3007.84 -2793.72 -2577.77 -2360.11 -2140.90 -1920.28 -1698.41 -1475.42 -1251.48 -1026.73 -801.33 -575.42 -349.15 -122.69 103.82 330.23 556.40 782.15 1007.37 1231.89 1455.57 1678.26 1899.84 2120.15 2339.06 2556.44 2772.14 2986.06 3198.04 3407.98 3615.75 3821.24 4024.32 4224.90 4422.85 4618.08 4810.49 4999.98 5186.45 5369.81 5549.98 5726.88 5900.42 6070.54 6237.15 6400.20 6559.60 6715.31 6867.26 7015.39 7159.66 7300.00
-5495.34 -5315.04 -5131.31 -4944.28 -4754.04 -4560.71 -4364.41 -4165.27 -3963.40 -3758.93 -3552.00 -3342.73 -3131.28 -2917.77 -2702.35 -2485.17 -2266.36 -2046.07 -1824.46 -1601.67 -1377.86 -1153.17 -927.77 -701.80 -475.41 -248.76 -22.00 204.71 431.23 657.40 883.07 1108.09 1332.33 1555.63 1777.84 1998.83 2218.46 2436.59 2653.08 2867.80 3080.63 3291.43 3500.08 3706.47 3910.47 4111.98 4310.87 4507.06 4700.42 4890.86 5078.30 5262.62 5443.76 5621.61 5796.11 5967.17 6134.73 6298.70 6459.04 6615.66 6768.52 6917.56 7062.72 7203.95 7341.21
-5430.37 -5248.08 -5062.42 -4873.50 -4681.42 -4486.30 -4288.27 -4087.44 -3883.95 -3677.92 -3469.50 -3258.80 -3045.99 -2831.19 -2614.55 -2396.21 -2176.33 -1955.05 -1732.52 -1508.90 -1284.34 -1058.99 -833.00 -606.54 -379.74 -152.78 74.20 301.04 527.60 753.71 979.23 1204.01 1427.89 1650.75 1872.42 2092.77 2311.66 2528.95 2744.50 2958.19 3169.88 3379.45 3586.78 3791.74 3994.21 4194.10 4391.28 4585.65 4777.11 4965.56 5150.91 5333.07 5511.94 5687.46 5859.53 6028.09 6193.06 6354.38 6511.98 6665.80 6815.80 6961.91 7104.08 7242.27 7376.44
-5367.84 -5183.66 -4996.15 -4805.42 -4611.59 -4414.77 -4215.09 -4012.67 -3807.64 -3600.14 -3390.31 -3178.27 -2964.18 -2748.16 -2530.39 -2310.99 -2090.11 -1867.92 -1644.56 -1420.19 -1194.95 -969.01 -742.52 -515.63 -288.51 -61.30 165.83 392.73 619.26 845.24 1070.55 1295.01 1518.49 1740.84 1961.91 2181.57 2399.66 2616.06 2830.63 3043.23 3253.74 3462.03 3667.98 3871.47 4072.38 4270.60 4466.03 4658.56 4848.08 5034.51 5217.75 5397.70 5574.29 5747.44 5917.06 6083.10 6245.47 6404.11 6558.96 6709.98 6857.09 7000.26 7139.44 7274.58 7405.65
-5307.82 -5121.84 -4932.56 -4740.12 -4544.62 -4346.18 -4144.94 -3941.02 -3734.55 -3525.66 -3314.50 -3101.20 -2885.91 -2668.78 -2449.95 -2229.57 -2007.79 -1784.76 -1560.65 -1335.59 -1109.76 -883.31 -656.39 -429.16 -201.78 25.59 252.81 479.70 706.13 931.93 1156.94 1381.03 1604.05 1825.83 2046.24 2265.15 2482.39 2697.85 2911.37 3122.84 3332.12 3539.09 3743.62 3945.60 4144.90 4341.43 4535.07 4725.72 4913.28 5097.65 5278.74 5456.47 5630.76 5801.51 5968.67 6132.16 6291.91 6447.86 6599.96 6748.14 6892.37 7032.59 7168.76 7300.84 7428.80
-5250.37 -5062.66 -4871.72 -4677.64 -4480.57 -4280.61 -4077.89 -3872.55 -3664.72 -3454.54 -3242.14 -3027.67 -2811.27 -2593.10 -2373.30 -2152.02 -1929.41 -1705.64 -1480.85 -1255.20 -1028.86 -801.97 -574.70 -347.20 -119.63 107.84 335.06 561.88 788.14 1013.68 1238.35 1462.00 1684.48 1905.64 2125.34 2343.43 2559.77 2774.23 2986.67 3196.96 3404.96 3610.56 3813.63 4014.05 4211.72 4406.51 4598.33 4787.07 4972.63 5154.92 5333.84 5509.33 5681.27 5849.62 6014.29 6175.22 6332.33 6485.58 6634.91 6780.26 6921.59 7058.85 7192.01 7321.03 7445.88
