3 Generate/1478859.asc
nrows 512
ncols 512
xllcenter 0.000000
yllcenter 0.000000
cellsize 5.000000
NODATA_value  -9999
[rows 232 to 260 of 512, columns 195 to 259 of 512]
4789.19 4741.17 4690.75 4637.91 4582.63 4524.87 4464.64 4401.92 4336.72 4269.05 4198.94 4126.43 4051.55 3974.36 3894.91 3813.25 3729.43 3643.53 3555.58 3465.67 3373.84 3280.16 3184.71 3087.54 2988.73 2888.34 2786.46 2683.14 2578.48 2472.54 2365.40 2257.13 2147.83 2037.56 1926.41 1814.45 1701.78 1588.47 1474.61 1360.27 1245.55 1130.53 1015.29 934.12 818.70 703.29 587.99 472.88 358.05 243.57 129.53 16.01 -96.90 -209.12 -320.58 -431.19 -535.04 -643.63 -751.13 -857.48 -962.58 -1066.37 -1168.77 -1269.72 -1369.14
4607.00 4556.84 4504.34 4449.47 4392.20 4332.52 4270.41 4205.86 4138.88 4069.48 3997.69 3923.53 3847.05 3768.30 3687.33 3604.20 3518.96 3431.67 3342.39 3251.18 3158.11 3063.25 2966.65 2868.38 2768.53 2667.15 2564.33 2460.13 2354.62 2247.90 2140.03 2031.09 1921.16 1810.32 1698.66 1586.25 1473.17 1359.51 1245.36 1130.79 1015.89 900.74 819.68 704.30 588.91 473.60 358.45 243.54 128.97 14.81 -98.86 -211.95 -318.71 -430.33 -541.13 -651.01 -759.91 -867.75 -974.44 -1079.92 -1184.10 -1286.92 -1388.31 -1488.18 -1586.48
4423.46 4371.16 4316.59 4259.70 4200.46 4138.86 4074.89 4008.53 3939.78 3868.67 3795.20 3719.42 3641.35 3561.06 3478.60 3394.01 3307.37 3218.72 3128.13 3035.65 2941.37 2845.33 2747.61 2648.28 2547.41 2445.06 2341.32 2236.26 2129.94 2022.46 1913.88 1804.29 1693.77 1582.39 1470.24 1357.40 1243.94 1129.97 1015.55 900.77 785.72 670.47 589.42 474.05 358.72 243.53 128.56 13.88 -94.85 -208.63 -321.85 -434.42 -546.28 -657.33 -767.50 -876.71 -984.87 -1091.92 -1197.77 -1302.36 -1405.60 -1507.42 -1607.76 -1706.54 -1803.70
4238.71 4184.29 4127.65 4068.75 4007.56 3944.05 3878.23 3810.07 3739.57 3666.76 3591.64 3514.25 3434.62 3352.81 3268.87 3182.86 3094.83 3004.84 2912.96 2819.24 2723.76 2626.58 2527.76 2427.39 2325.52 2222.23 2117.60 2011.70 1904.60 1796.39 1687.13 1576.92 1465.82 1353.93 1241.32 1128.07 1014.28 900.01 785.35 670.39 555.21 439.90 358.86 243.52 128.29 18.75 -95.99 -210.37 -324.30 -437.69 -550.48 -662.57 -773.88 -884.33 -993.85 -1102.35 -1209.75 -1315.98 -1420.97 -1524.64 -1626.91 -1727.71 -1826.97 -1924.63 -2020.61
4052.89 3996.37 3937.67 3876.77 3813.63 3748.24 3680.58 3610.63 3538.41 3463.91 3387.16 3308.18 3227.01 3143.70 3058.31 2970.89 2881.50 2790.19 2697.04 2602.11 2505.46 2407.15 2307.27 2205.87 2103.03 1998.83 1893.33 1786.62 1678.76 1569.84 1459.94 1349.13 1237.49 1125.11 1012.07 898.45 784.33 669.79 554.93 439.82 324.55 243.52 133.65 18.39 -96.71 -211.55 -326.05 -440.13 -553.71 -666.70 -779.03 -890.60 -1001.34 -1111.16 -1220.00 -1327.76 -1434.38 -1539.77 -1643.87 -1746.59 -1847.86 -1947.61 -2045.78 -2142.29 -2237.08
3866.15 3807.53 3746.80 3683.91 3618.84 3551.58 3482.09 3410.38 3336.44 3260.27 3181.91 3101.36 3018.67 2933.89 2847.07 2758.26 2667.53 2574.93 2480.54 2384.41 2286.61 2187.21 2086.28 1983.89 1880.11 1775.02 1668.68 1561.18 1452.60 1343.00 1232.47 1121.09 1008.94 896.10 782.66 668.69 554.27 473.73 358.73 243.52 128.19 18.30 -97.00 -212.17 -327.11 -441.73 -555.97 -669.73 -782.93 -895.49 -1007.32 -1118.35 -1228.49 -1337.66 -1445.79 -1552.79 -1658.60 -1763.12 -1866.30 -1968.04 -2068.29 -2166.98 -2264.02 -2359.36 -2452.92
3678.63 3617.93 3555.17 3490.31 3423.33 3354.21 3282.92 3209.45 3133.81 3056.00 2976.04 2893.95 2809.77 2723.53 2635.30 2545.13 2453.09 2359.23 2263.61 2166.31 2067.40 1966.93 1864.98 1761.62 1656.92 1550.96 1443.82 1335.56 1226.27 1116.02 1004.89 892.97 780.34 701.03 587.30 473.08 358.46 243.53 128.37 13.05 -102.32 -212.22 -327.46 -442.49 -557.25 -671.64 -785.58 -898.99 -1011.79 -1123.88 -1235.20 -1345.65 -1455.17 -1563.66 -1671.05 -1777.27 -1882.23 -1985.86 -2088.09 -2188.85 -2288.05 -2385.63 -2481.53 -2575.67 -2667.99
3490.47 3427.71 3362.94 3296.13 3227.25 3156.29 3083.21 3008.01 2930.69 2851.26 2769.72 2686.11 2600.45 2512.78 2423.17 2331.67 2238.33 2143.23 2046.42 1947.98 1847.97 1746.45 1643.51 1539.21 1433.62 1326.83 1218.90 1109.91 999.94 889.07 811.04 698.72 585.74 472.16 358.07 243.55 128.69 13.57 -101.73 -217.12 -332.51 -442.41 -557.55 -672.43 -786.97 -901.10 -1014.72 -1127.75 -1240.11 -1351.71 -1462.49 -1572.34 -1681.20 -1788.99 -1895.62 -2001.03 -2105.12 -2207.84 -2309.10 -2408.83 -2506.96 -2603.42 -2698.15 -2791.07 -2882.12
3301.82 3237.01 3170.25 3101.51 3030.75 2957.96 2883.12 2806.21 2727.23 2646.19 2563.10 2477.99 2390.87 2301.81 2210.83 2118.02 2023.42 1927.10 1829.13 1729.57 1628.49 1525.96 1422.05 1316.83 1210.39 1102.78 1027.20 917.67 807.20 695.88 583.77 470.96 357.54 243.57 129.15 14.37 -100.71 -215.99 -331.39 -446.83 -556.86 -672.09 -787.10 -901.80 -1016.11 -1129.94 -1243.21 -1355.83 -1467.73 -1578.82 -1689.02 -1798.26 -1906.44 -2013.49 -2119.34 -2223.90 -2327.11 -2428.88 -2529.14 -2627.83 -2724.86 -2820.18 -2913.71 -3005.39 -3095.15
3112.82 3045.98 2977.25 2906.60 2833.98 2759.39 2682.79 2604.19 2523.58 2440.96 2356.34 2269.74 2181.20 2090.75 1998.45 1904.35 1808.51 1711.01 1611.89 1511.24 1409.12 1305.60 1233.13 1127.24 1020.16 911.95 802.71 692.50 581.40 469.50 356.87 243.60 129.77 15.45 -99.27 -214.30 -329.56 -444.98 -560.45 -675.91 -785.96 -901.10 -1015.95 -1130.44 -1244.48 -1357.99 -1470.88 -1583.08 -1694.49 -1805.03 -1914.64 -2023.22 -2130.70 -2236.99 -2342.03 -2445.73 -2548.02 -2648.82 -2748.07 -2845.69 -2941.60 -3035.75 -3128.06 -3218.48 -3306.92
2923.62 2854.77 2784.09 2711.54 2637.09 2560.71 2482.39 2402.12 2319.89 2235.71 2149.58 2061.53 1971.59 1879.79 1786.18 1690.82 1593.77 1495.10 1394.88 1324.91 1222.02 1117.76 1012.22 905.46 797.56 688.60 578.64 467.78 356.09 243.64 130.52 16.81 -97.41 -212.05 -327.04 -442.28 -557.70 -673.22 -788.74 -904.19 -1014.25 -1129.26 -1243.94 -1358.19 -1471.93 -1585.09 -1697.58 -1809.31 -1920.21 -2030.19 -2139.17 -2247.07 -2353.82 -2459.33 -2563.53 -2666.35 -2767.69 -2867.51 -2965.71 -3062.24 -3157.01 -3249.97 -3341.04 -3430.17 -3517.29
2734.35 2663.52 2590.91 2516.49 2440.22 2362.08 2282.06 2200.14 2116.32 2030.60 1942.99 1853.51 1762.19 1669.06 1574.17 1508.35 1410.40 1310.86 1209.80 1107.30 1003.41 898.21 791.78 684.18 575.50 465.80 355.17 243.68 131.42 18.45 -95.13 -209.24 -323.81 -438.75 -553.98 -669.41 -784.97 -900.56 -1016.10 -1131.50 -1241.57 -1356.42 -1470.88 -1584.87 -1698.29 -1811.08 -1923.13 -2034.38 -2144.73 -2254.12 -2362.45 -2469.65 -2575.65 -2680.35 -2783.69 -2885.59 -2985.97 -3084.77 -3181.91 -3277.32 -3370.93 -3462.68 -3552.50 -3640.32 -3726.08
2545.17 2472.38 2397.86 2321.58 2243.52 2163.65 2081.95 1998.40 1913.02 1825.78 1736.72 1675.49 1583.13 1489.00 1393.15 1295.64 1196.52 1095.87 993.75 890.23 785.38 679.27 571.98 463.57 354.13 243.73 132.45 20.37 -92.44 -205.89 -319.91 -434.40 -549.29 -664.50 -779.94 -895.53 -1011.18 -1126.82 -1242.35 -1352.69 -1467.73 -1582.40 -1696.63 -1810.32 -1923.40 -2035.78 -2147.37 -2258.11 -2367.90 -2476.66 -2584.32 -2690.79 -2796.01 -2899.88 -3002.33 -3103.30 -3202.69 -3300.46 -3396.51 -3490.78 -3583.21 -3673.72 -3762.26 -3848.75 -3933.14
2356.20 2281.47 2205.08 2126.98 2047.15 1965.56 1882.21 1825.52 1738.92 1650.52 1560.34 1468.39 1374.70 1279.29 1182.21 1083.51 983.27 881.53 778.38 673.87 568.09 461.10 352.97 243.79 133.62 22.55 -89.35 -202.00 -315.32 -429.23 -543.65 -658.49 -773.68 -889.12 -1004.75 -1120.46 -1236.19 -1351.84 -1467.33 -1577.70 -1692.58 -1807.05 -1921.01 -2034.38 -2147.08 -2259.03 -2370.14 -2480.34 -2589.53 -2697.65 -2804.61 -2910.33 -3014.74 -3117.76 -3219.30 -3319.31 -3417.70 -3514.40 -3609.34 -3702.46 -3793.68 -3882.94 -3970.18 -4055.33 -4138.33
2167.60 2090.96 2012.71 1932.82 1878.79 1795.86 1711.21 1624.82 1536.70 1446.83 1355.24 1261.93 1166.93 1070.27 971.99 872.14 770.79 668.00 563.84 458.38 351.69 243.85 134.92 24.99 -85.87 -197.59 -310.08 -423.26 -537.07 -651.40 -766.19 -881.36 -996.80 -1112.46 -1228.24 -1344.05 -1459.82 -1575.46 -1690.89 -1801.27 -1915.96 -2030.19 -2143.86 -2256.88 -2369.18 -2480.67 -2591.27 -2700.91 -2809.48 -2916.93 -3023.17 -3128.11 -3231.69 -3333.83 -3434.44 -3533.47 -3630.82 -3726.45 -3820.26 -3912.20 -4002.19 -4090.18 -4176.10 -4259.89 -4341.48
2005.82 1927.64 1847.90 1766.56 1683.61 1599.01 1512.74 1424.80 1335.18 1243.88 1150.90 1056.26 959.98 862.09 762.64 661.67 559.25 455.43 350.30 243.92 136.35 27.69 -82.01 -192.66 -304.19 -416.51 -529.57 -643.26 -757.51 -872.25 -987.38 -1102.83 -1218.52 -1334.35 -1450.25 -1566.14 -1681.92 -1797.52 -1912.85 -2023.22 -2137.71 -2251.67 -2365.01 -2477.66 -2589.53 -2700.54 -2810.61 -2919.65 -3027.59 -3134.34 -3239.83 -3343.97 -3446.70 -3547.93 -3647.59 -3745.61 -3841.92 -3936.44 -4029.10 -4119.84 -4208.60 -4295.29 -4379.88 -4462.28 -4542.44
1818.48 1738.44 1656.89 1573.81 1489.16 1402.92 1315.07 1225.61 1134.52 1041.80 947.47 851.52 754.00 654.92 554.32 452.26 348.80 243.99 137.91 30.63 -77.77 -187.23 -297.66 -409.00 -521.16 -634.07 -747.65 -861.82 -976.50 -1091.60 -1207.05 -1322.76 -1438.65 -1554.63 -1670.63 -1786.56 -1902.33 -2017.86 -2128.66 -2243.41 -2357.66 -2471.32 -2584.32 -2696.57 -2807.99 -2918.49 -3027.99 -3136.42 -3243.68 -3349.72 -3454.43 -3557.75 -3659.60 -3759.91 -3858.60 -3955.59 -4050.83 -4144.22 -4235.72 -4325.24 -4412.73 -4498.12 -4581.35 -4662.35 -4741.08
1631.91 1550.04 1466.72 1381.91 1295.60 1207.75 1118.35 1027.39 934.86 840.76 745.10 647.88 549.14 448.90 347.19 244.07 139.59 33.82 -73.17 -181.31 -290.53 -400.74 -511.89 -623.88 -736.65 -850.11 -964.19 -1078.80 -1193.87 -1309.31 -1425.04 -1540.98 -1657.04 -1773.15 -1889.21 -2005.15 -2120.88 -2236.31 -2347.12 -2461.66 -2575.65 -2688.99 -2801.62 -2913.44 -3024.37 -3134.34 -3243.26 -3351.04 -3457.62 -3562.91 -3666.82 -3769.30 -3870.26 -3969.62 -4067.31 -4163.26 -4257.39 -4349.65 -4439.96 -4528.25 -4614.45 -4698.52 -4780.37 -4859.96 -4937.23
1446.24 1362.57 1277.51 1191.01 1103.07 1013.64 922.72 830.29 736.36 640.90 543.94 445.48 345.55 244.17 141.39 37.23 -68.22 -174.92 -282.79 -391.76 -501.76 -612.70 -724.52 -837.14 -950.48 -1064.46 -1179.01 -1294.03 -1409.46 -1525.21 -1641.19 -1757.33 -1873.54 -1989.73 -2105.83 -2221.75 -2337.41 -2452.72 -2563.53 -2677.83 -2791.52 -2904.52 -3016.75 -3128.11 -3238.54 -3347.95 -3456.25 -3563.37 -3669.23 -3773.75 -3876.85 -3978.46 -4078.50 -4176.89 -4273.56 -4368.45 -4461.47 -4552.57 -4641.67 -4728.70 -4813.61 -4896.33 -4976.80 -5054.96 -5130.76
1261.62 1176.18 1089.41 1001.25 911.70 820.73 728.32 634.46 539.14 442.37 344.14 244.47 143.38 40.90 -62.93 -168.08 -274.49 -382.09 -490.80 -600.57 -711.31 -822.95 -935.42 -1048.63 -1162.51 -1276.98 -1391.96 -1507.37 -1623.12 -1739.15 -1855.35 -1971.66 -2087.98 -2204.24 -2320.35 -2436.22 -2551.78 -2666.93 -2777.73 -2891.76 -3005.13 -3117.76 -3229.55 -3340.44 -3450.34 -3559.16 -3666.82 -3773.26 -3878.38 -3982.11 -4084.37 -4185.08 -4284.18 -4381.58 -4477.22 -4571.02 -4662.91 -4752.82 -4840.70 -4926.46 -5010.06 -5091.42 -5170.49 -5247.21 -5321.52
1078.16 991.00 902.54 812.77 721.65 629.17 535.30 440.04 343.37 245.31 145.84 45.00 -57.22 -160.77 -265.62 -371.74 -479.06 -587.52 -697.05 -807.58 -919.04 -1031.35 -1144.42 -1258.19 -1372.58 -1487.51 -1602.89 -1718.65 -1834.71 -1950.97 -2067.37 -2183.82 -2300.22 -2416.51 -2532.60 -2648.40 -2763.82 -2875.19 -2989.56 -3103.30 -3216.32 -3328.54 -3439.89 -3550.27 -3659.60 -3767.82 -3874.82 -3980.54 -4084.90 -4187.82 -4289.22 -4389.02 -4487.15 -4583.55 -4678.12 -4770.82 -4861.56 -4950.28 -5036.91 -5121.39 -5203.65 -5283.64 -5361.30 -5436.55 -5509.37
896.02 807.16 717.06 625.70 533.05 439.08 343.79 247.16 149.18 49.86 -50.81 -152.80 -256.11 -360.70 -466.54 -573.58 -681.78 -791.08 -901.39 -1012.66 -1124.79 -1237.73 -1351.39 -1465.69 -1580.55 -1695.90 -1811.66 -1927.74 -2044.06 -2160.54 -2277.09 -2393.65 -2510.11 -2626.40 -2742.43 -2858.13 -2973.40 -3084.77 -3198.87 -3312.28 -3424.93 -3536.73 -3647.59 -3757.44 -3866.20 -3973.78 -4080.10 -4185.08 -4288.66 -4390.74 -4491.25 -4590.12 -4687.27 -4782.64 -4876.14 -4967.71 -5057.28 -5144.79 -5230.16 -5313.34 -5394.26 -5472.85 -5549.08 -5622.87 -5694.17
715.31 624.79 533.09 440.18 346.02 250.61 153.93 55.97 -43.29 -143.84 -245.67 -348.78 -453.14 -558.74 -665.53 -773.47 -882.52 -992.61 -1103.68 -1215.64 -1328.42 -1441.96 -1556.16 -1670.95 -1786.26 -1902.01 -2018.10 -2134.47 -2251.02 -2367.69 -2484.37 -2601.00 -2717.49 -2833.75 -2949.71 -3065.26 -3180.34 -3291.71 -3405.51 -3518.58 -3630.82 -3742.17 -3852.53 -3961.82 -4069.97 -4176.89 -4282.50 -4386.73 -4489.49 -4590.72 -4690.32 -4788.24 -4884.39 -4978.71 -5071.11 -5161.54 -5249.93 -5336.21 -5420.30 -5502.16 -5581.72 -5658.92 -5733.70 -5806.01 -5875.79
536.17 444.03 350.76 256.33 160.72 63.90 -34.13 -133.40 -233.90 -335.64 -438.60 -542.79 -648.18 -754.74 -862.45 -971.26 -1081.13 -1191.98 -1303.76 -1416.38 -1529.79 -1643.88 -1758.60 -1873.86 -1989.58 -2105.68 -2222.08 -2338.70 -2455.46 -2572.28 -2689.06 -2805.74 -2922.22 -3038.42 -3154.27 -3269.66 -3381.68 -3495.87 -3609.34 -3722.03 -3833.85 -3944.71 -4054.54 -4163.26 -4270.77 -4377.01 -4481.89 -4585.34 -4687.27 -4787.62 -4886.30 -4983.24 -5078.37 -5171.62 -5262.91 -5352.19 -5439.37 -5524.40 -5607.21 -5687.74 -5765.92 -5841.71 -5915.03 -5985.85 -6054.09
358.73 265.01 170.21 74.30 -22.74 -120.92 -220.28 -320.81 -422.51 -525.40 -629.47 -734.70 -841.08 -948.58 -1057.18 -1166.82 -1277.46 -1389.04 -1501.50 -1614.76 -1728.74 -1843.36 -1958.56 -2074.25 -2190.34 -2306.77 -2423.45 -2540.29 -2657.23 -2774.16 -2891.02 -3007.71 -3124.15 -3240.27 -3355.97 -3471.18 -3583.21 -3697.09 -3810.22 -3922.50 -4033.86 -4144.22 -4253.50 -4361.61 -4468.47 -4574.00 -4678.12 -4780.77 -4881.85 -4981.30 -5079.03 -5174.98 -5269.07 -5361.23 -5451.40 -5539.50 -5625.46 -5709.23 -5790.74 -5869.92 -5946.72 -6021.08 -6092.94 -6162.24 -6228.94
183.11 87.85 -8.44 -105.78 -204.21 -303.73 -404.36 -506.12 -609.00 -713.01 -818.14 -924.38 -1031.71 -1140.12 -1249.56 -1359.99 -1471.38 -1583.66 -1696.76 -1810.61 -1925.14 -2040.26 -2155.90 -2271.98 -2388.43 -2505.15 -2622.07 -2739.10 -2856.18 -2973.20 -3090.09 -3206.77 -3323.15 -3439.15 -3554.68 -3669.66 -3781.69 -3895.24 -4007.99 -4119.84 -4230.73 -4340.56 -4449.25 -4556.73 -4662.91 -4767.71 -4871.06 -4972.88 -5073.09 -5171.62 -5268.39 -5363.32 -5456.36 -5547.42 -5636.44 -5723.34 -5808.08 -5890.57 -5970.76 -6048.58 -6123.98 -6196.90 -6267.29 -6335.07 -6400.19
9.43 -87.32 -185.06 -283.80 -383.57 -484.39 -586.27 -689.21 -793.22 -898.31 -1004.47 -1111.68 -1219.94 -1329.21 -1439.46 -1550.66 -1662.75 -1775.69 -1889.40 -2003.81 -2118.85 -2234.44 -2350.49 -2466.93 -2583.69 -2700.67 -2817.80 -2934.99 -3052.17 -3169.25 -3286.15 -3402.78 -3519.07 -3634.92 -3750.25 -3864.99 -3976.99 -4090.18 -4202.52 -4313.92 -4424.30 -4533.58 -4641.67 -4748.49 -4853.97 -4958.02 -5060.57 -5161.54 -5260.86 -5358.45 -5454.23 -5548.14 -5640.10 -5730.04 -5817.89 -5903.60 -5987.08 -6068.28 -6147.14 -6223.60 -6297.59 -6369.06 -6437.94 -6504.18 -6567.71
-162.18 -260.39 -359.53 -459.63 -560.71 -662.78 -765.86 -869.95 -975.06 -1081.19 -1188.34 -1296.49 -1405.62 -1515.72 -1626.75 -1738.67 -1851.44 -1965.00 -2079.29 -2194.23 -2309.74 -2425.75 -2542.19 -2658.96 -2775.99 -2893.20 -3010.50 -3127.83 -3245.08 -3362.19 -3479.06 -3595.62 -3711.77 -3827.45 -3942.55 -4055.33 -4168.97 -4281.78 -4393.69 -4504.61 -4614.45 -4723.15 -4830.61 -4936.75 -5041.51 -5144.79 -5246.52 -5346.62 -5445.03 -5541.66 -5636.44 -5729.29 -5820.16 -5908.97 -5995.64 -6080.13 -6162.35 -6242.25 -6319.77 -6394.84 -6467.41 -6537.41 -6604.78 -6669.45 -6731.36
-331.62 -431.24 -531.75 -633.16 -735.50 -838.78 -943.02 -1048.22 -1154.39 -1261.52 -1369.62 -1478.66 -1588.64 -1699.54 -1811.31 -1923.92 -2037.32 -2151.47 -2266.30 -2381.72 -2497.68 -2614.08 -2730.86 -2847.92 -2965.20 -3082.60 -3200.05 -3317.47 -3434.77 -3551.87 -3668.68 -3785.13 -3901.14 -4016.60 -4131.45 -4244.22 -4357.50 -4469.90 -4581.35 -4691.76 -4801.05 -4909.14 -5015.94 -5121.39 -5225.39 -5327.88 -5428.77 -5527.99 -5625.46 -5721.11 -5814.87 -5906.66 -5996.42 -6084.08 -6169.56 -6252.81 -6333.76 -6412.34 -6488.51 -6562.18 -6633.31 -6701.83 -6767.66 -6830.74 -6891.01
