3 Generate/1478859.asc
nrows 512
ncols 512
xllcenter 0.000000
yllcenter 0.000000
cellsize 5.000000
NODATA_value  -9999
[rows 464 to 492 of 512, columns 390 to 454 of 512]
-6605.62 -6692.92 -6779.06 -6864.02 -6947.81 -7030.42 -7111.84 -7192.08 -7271.13 -7348.98 -7425.63 -7501.07 -7575.31 -7648.33 -7720.14 -7790.72 -7860.07 -7928.18 -7995.06 -8060.70 -8125.08 -8188.22 -8250.10 -8310.71 -8370.06 -8428.14 -8484.95 -8540.49 -8594.75 -8647.73 -8699.43 -8749.85 -8798.99 -8846.86 -8893.45 -8938.77 -8982.82 -9025.61 -9067.15 -9107.43 -9146.48 -9184.29 -9220.89 -9256.27 -9290.46 -9323.47 -9355.31 -9386.00 -9415.55 -9444.00 -9471.34 -9497.61 -9522.82 -9547.00 -9570.17 -9592.35 -9613.57 -9633.85 -9653.21 -9671.68 -9689.28 -9706.04 -9721.98 -9737.12 -9751.48
-6433.85 -6522.45 -6609.94 -6696.33 -6781.62 -6865.79 -6948.84 -7030.77 -7111.57 -7191.23 -7269.74 -7347.11 -7423.33 -7498.38 -7572.26 -7644.97 -7716.49 -7786.83 -7855.97 -7923.90 -7990.63 -8056.13 -8120.42 -8183.46 -8245.28 -8305.85 -8365.18 -8423.25 -8480.06 -8535.61 -8589.89 -8642.91 -8694.66 -8745.14 -8794.35 -8842.29 -8888.97 -8934.38 -8978.53 -9021.42 -9063.07 -9103.48 -9142.65 -9180.60 -9217.34 -9252.88 -9287.23 -9320.42 -9352.44 -9383.33 -9413.10 -9441.76 -9469.34 -9495.87 -9521.34 -9545.81 -9569.28 -9591.78 -9613.32 -9633.95 -9653.67 -9672.53 -9690.52 -9707.69 -9724.06
-6256.27 -6346.19 -6435.07 -6522.93 -6609.74 -6695.51 -6780.22 -6863.87 -6946.46 -7027.96 -7108.39 -7187.72 -7265.95 -7343.07 -7419.07 -7493.95 -7567.70 -7640.29 -7711.73 -7782.01 -7851.12 -7919.05 -7985.78 -8051.32 -8115.64 -8178.75 -8240.63 -8301.29 -8360.70 -8418.88 -8475.79 -8531.46 -8585.87 -8639.01 -8690.89 -8741.50 -8790.84 -8838.92 -8885.74 -8931.30 -8975.59 -9018.64 -9060.44 -9101.01 -9140.35 -9178.47 -9215.38 -9251.10 -9285.64 -9319.03 -9351.26 -9382.36 -9412.35 -9441.25 -9469.08 -9495.87 -9521.62 -9546.37 -9570.14 -9592.95 -9614.83 -9635.80 -9655.88 -9675.11 -9693.49
-6073.03 -6164.29 -6254.60 -6343.95 -6432.32 -6519.72 -6606.12 -6691.53 -6775.94 -6859.33 -6941.69 -7023.02 -7103.31 -7182.53 -7260.70 -7337.79 -7413.79 -7488.69 -7562.47 -7635.14 -7706.67 -7777.06 -7846.29 -7914.35 -7981.23 -8046.92 -8111.42 -8174.70 -8236.76 -8297.60 -8357.20 -8415.56 -8472.66 -8528.52 -8583.11 -8636.44 -8688.51 -8739.30 -8788.83 -8837.09 -8884.09 -8929.83 -8974.30 -9017.53 -9059.51 -9100.25 -9139.77 -9178.08 -9215.18 -9251.09 -9285.83 -9319.42 -9351.86 -9383.18 -9413.40 -9442.53 -9470.61 -9497.65 -9523.67 -9548.70 -9572.76 -9595.88 -9618.07 -9639.37 -9659.79
-5884.30 -5976.94 -6068.70 -6159.56 -6249.52 -6338.57 -6426.70 -6513.90 -6600.16 -6685.46 -6769.80 -6853.16 -6935.53 -7016.91 -7097.26 -7176.60 -7254.89 -7332.13 -7408.30 -7483.39 -7557.39 -7630.28 -7702.04 -7772.67 -7842.15 -7910.46 -7977.61 -8043.56 -8108.31 -8171.86 -8234.18 -8295.28 -8355.13 -8413.74 -8471.09 -8527.19 -8582.01 -8635.57 -8687.86 -8738.87 -8788.61 -8837.07 -8884.27 -8930.20 -8974.87 -9018.28 -9060.45 -9101.38 -9141.08 -9179.57 -9216.85 -9252.95 -9287.88 -9321.66 -9354.30 -9385.83 -9416.26 -9445.61 -9473.92 -9501.20 -9527.46 -9552.75 -9577.08 -9600.47 -9622.95
-5690.26 -5784.30 -5877.53 -5969.93 -6061.51 -6152.24 -6242.12 -6331.13 -6419.27 -6506.51 -6592.85 -6678.27 -6762.77 -6846.32 -6928.90 -7010.51 -7091.13 -7170.75 -7249.34 -7326.89 -7403.38 -7478.81 -7553.15 -7626.38 -7698.49 -7769.47 -7839.30 -7907.97 -7975.45 -8041.75 -8106.83 -8170.71 -8233.35 -8294.75 -8354.90 -8413.80 -8471.43 -8527.79 -8582.87 -8636.68 -8689.20 -8740.44 -8790.39 -8839.07 -8886.46 -8932.58 -8977.44 -9021.03 -9063.37 -9104.47 -9144.34 -9183.00 -9220.45 -9256.72 -9291.81 -9325.76 -9358.58 -9390.29 -9420.90 -9450.45 -9478.96 -9506.44 -9532.93 -9558.43 -9582.99
-5491.10 -5586.55 -5681.27 -5775.24 -5868.45 -5960.88 -6052.53 -6143.39 -6233.42 -6322.64 -6411.01 -6498.52 -6585.16 -6670.91 -6755.76 -6839.68 -6922.66 -7004.67 -7085.71 -7165.76 -7244.78 -7322.78 -7399.72 -7475.59 -7550.38 -7624.05 -7696.61 -7768.02 -7838.27 -7907.35 -7975.24 -8041.92 -8107.39 -8171.62 -8234.61 -8296.35 -8356.83 -8416.03 -8473.95 -8530.58 -8585.92 -8639.97 -8692.72 -8744.18 -8794.34 -8843.21 -8890.78 -8937.08 -8982.09 -9025.84 -9068.33 -9109.57 -9149.58 -9188.37 -9225.96 -9262.36 -9297.60 -9331.68 -9364.64 -9396.49 -9427.25 -9456.95 -9485.61 -9513.26 -9539.91
-5286.99 -5383.88 -5480.10 -5575.65 -5670.52 -5764.68 -5858.12 -5950.83 -6042.80 -6134.00 -6224.43 -6314.06 -6402.87 -6490.85 -6577.97 -6664.23 -6749.59 -6834.04 -6917.56 -7000.12 -7081.71 -7162.31 -7241.89 -7320.43 -7397.92 -7474.32 -7549.63 -7623.82 -7696.87 -7768.77 -7839.49 -7909.02 -7977.35 -8044.45 -8110.31 -8174.92 -8238.28 -8300.35 -8361.14 -8420.64 -8478.84 -8535.74 -8591.32 -8645.59 -8698.55 -8750.20 -8800.53 -8849.56 -8897.29 -8943.71 -8988.86 -9032.72 -9075.32 -9116.67 -9156.77 -9195.65 -9233.33 -9269.82 -9305.14 -9339.32 -9372.36 -9404.30 -9435.16 -9464.96 -9493.73
-5078.14 -5176.47 -5274.22 -5371.37 -5467.90 -5563.80 -5659.06 -5753.65 -5847.56 -5940.78 -6033.28 -6125.04 -6216.05 -6306.28 -6395.71 -6484.32 -6572.09 -6659.00 -6745.02 -6830.13 -6914.31 -6997.53 -7079.77 -7161.01 -7241.23 -7320.39 -7398.48 -7475.48 -7551.36 -7626.10 -7699.69 -7772.10 -7843.31 -7913.31 -7982.08 -8049.60 -8115.86 -8180.84 -8244.54 -8306.94 -8368.02 -8427.80 -8486.25 -8543.37 -8599.16 -8653.62 -8706.74 -8758.53 -8809.00 -8858.14 -8905.96 -8952.47 -8997.69 -9041.62 -9084.27 -9125.66 -9165.81 -9204.73 -9242.44 -9278.96 -9314.31 -9348.51 -9381.58 -9413.56 -9444.45
-4864.74 -4964.54 -5063.82 -5162.58 -5260.79 -5358.45 -5455.53 -5552.02 -5647.90 -5743.14 -5837.73 -5931.64 -6024.86 -6117.36 -6209.12 -6300.11 -6390.31 -6479.70 -6568.24 -6655.92 -6742.71 -6828.58 -6913.51 -6997.47 -7080.44 -7162.38 -7243.28 -7323.11 -7401.85 -7479.47 -7555.95 -7631.26 -7705.39 -7778.32 -7850.02 -7920.47 -7989.67 -8057.59 -8124.22 -8189.54 -8253.54 -8316.22 -8377.57 -8437.57 -8496.22 -8553.51 -8609.46 -8664.04 -8717.27 -8769.15 -8819.69 -8868.88 -8916.74 -8963.27 -9008.50 -9052.42 -9095.06 -9136.43 -9176.55 -9215.44 -9253.12 -9289.60 -9324.90 -9359.06 -9392.09
-4647.00 -4748.27 -4849.10 -4949.48 -5049.39 -5148.81 -5247.73 -5346.13 -5443.98 -5541.27 -5637.96 -5734.04 -5829.49 -5924.27 -6018.37 -6111.76 -6204.41 -6296.29 -6387.38 -6477.64 -6567.06 -6655.60 -6743.24 -6829.94 -6915.68 -7000.43 -7084.16 -7166.85 -7248.46 -7328.98 -7408.37 -7486.62 -7563.69 -7639.56 -7714.22 -7787.63 -7859.79 -7930.67 -8000.26 -8068.53 -8135.48 -8201.09 -8265.36 -8328.26 -8389.80 -8449.96 -8508.74 -8566.15 -8622.17 -8676.82 -8730.08 -8781.98 -8832.50 -8881.67 -8929.49 -8975.97 -9021.13 -9064.97 -9107.52 -9148.79 -9188.81 -9227.58 -9265.14 -9301.50 -9336.69
-4425.14 -4527.88 -4630.26 -4732.27 -4833.88 -4935.08 -5035.85 -5136.17 -5236.00 -5335.34 -5434.15 -5532.42 -5630.10 -5727.18 -5823.64 -5919.44 -6014.54 -6108.94 -6202.58 -6295.45 -6387.52 -6478.74 -6569.10 -6658.56 -6747.09 -6834.67 -6921.25 -7006.81 -7091.32 -7174.75 -7257.08 -7338.27 -7418.31 -7497.15 -7574.78 -7651.19 -7726.33 -7800.19 -7872.76 -7944.01 -8013.92 -8082.49 -8149.69 -8215.52 -8279.97 -8343.02 -8404.67 -8464.92 -8523.76 -8581.19 -8637.21 -8691.83 -8745.04 -8796.86 -8847.29 -8896.35 -8944.04 -8990.38 -9035.37 -9079.05 -9121.42 -9162.50 -9202.32 -9240.89 -9278.24
-4199.37 -4303.59 -4407.52 -4511.16 -4614.49 -4717.47 -4820.09 -4922.33 -5024.16 -5125.56 -5226.50 -5326.95 -5426.88 -5526.27 -5625.09 -5723.31 -5820.89 -5917.80 -6014.02 -6109.50 -6204.23 -6298.15 -6391.25 -6483.48 -6574.82 -6665.23 -6754.68 -6843.13 -6930.55 -7016.92 -7102.20 -7186.36 -7269.37 -7351.20 -7431.83 -7511.23 -7589.38 -7666.24 -7741.80 -7816.05 -7888.95 -7960.49 -8030.66 -8099.43 -8166.81 -8232.76 -8297.30 -8360.41 -8422.09 -8482.32 -8541.12 -8598.48 -8654.40 -8708.89 -8761.96 -8813.60 -8863.84 -8912.69 -8960.15 -9006.24 -9050.98 -9094.39 -9136.48 -9177.27 -9216.80
-3969.91 -4075.60 -4181.10 -4286.38 -4391.41 -4496.18 -4600.66 -4704.83 -4808.66 -4912.12 -5015.18 -5117.83 -5220.02 -5321.72 -5422.92 -5523.56 -5623.62 -5723.06 -5821.86 -5919.97 -6017.36 -6113.99 -6209.84 -6304.85 -6399.01 -6492.26 -6584.59 -6675.94 -6766.29 -6855.60 -6943.85 -7030.99 -7116.99 -7201.83 -7285.47 -7367.88 -7449.04 -7528.93 -7607.51 -7684.76 -7760.66 -7835.19 -7908.33 -7980.07 -8050.39 -8119.28 -8186.72 -8252.70 -8317.23 -8380.29 -8441.88 -8501.99 -8560.64 -8617.81 -8673.53 -8727.78 -8780.58 -8831.95 -8881.88 -8930.41 -8977.53 -9023.27 -9067.64 -9110.67 -9152.37
-3736.99 -3844.16 -3951.21 -4058.13 -4164.87 -4271.43 -4377.76 -4483.86 -4589.69 -4695.22 -4800.42 -4905.26 -5009.70 -5113.73 -5217.29 -5320.37 -5422.91 -5524.89 -5626.27 -5727.01 -5827.07 -5926.42 -6025.02 -6122.83 -6219.81 -6315.92 -6411.13 -6505.39 -6598.68 -6690.95 -6782.17 -6872.29 -6961.30 -7049.15 -7135.81 -7221.25 -7305.45 -7388.36 -7469.96 -7550.23 -7629.15 -7706.69 -7782.82 -7857.54 -7930.81 -8002.64 -8072.99 -8141.87 -8209.26 -8275.15 -8339.54 -8402.43 -8463.81 -8523.69 -8582.06 -8638.93 -8694.31 -8748.21 -8800.63 -8851.59 -8901.10 -8949.18 -8995.85 -9041.11 -9085.00
-3500.83 -3609.48 -3718.09 -3826.64 -3935.09 -4043.43 -4151.62 -4259.64 -4367.47 -4475.06 -4582.39 -4689.43 -4796.14 -4902.48 -5008.42 -5113.93 -5218.96 -5323.47 -5427.44 -5530.81 -5633.55 -5735.62 -5836.97 -5937.57 -6037.38 -6136.35 -6234.45 -6331.63 -6427.86 -6523.09 -6617.29 -6710.41 -6802.43 -6893.30 -6982.99 -7071.47 -7158.69 -7244.64 -7329.28 -7412.59 -7494.53 -7575.08 -7654.21 -7731.91 -7808.16 -7882.93 -7956.21 -8027.99 -8098.25 -8166.99 -8234.20 -8299.87 -8363.99 -8426.58 -8487.62 -8547.12 -8605.08 -8661.52 -8716.43 -8769.84 -8821.75 -8872.18 -8921.13 -8968.64 -9014.72
-3261.68 -3371.80 -3481.96 -3592.13 -3702.28 -3812.40 -3922.45 -4032.39 -4142.21 -4251.86 -4361.32 -4470.55 -4579.51 -4688.17 -4796.49 -4904.42 -5011.93 -5118.99 -5225.53 -5331.54 -5436.95 -5541.74 -5645.85 -5749.25 -5851.89 -5953.72 -6054.71 -6154.81 -6253.98 -6352.17 -6449.35 -6545.48 -6640.51 -6734.40 -6827.13 -6918.64 -7008.91 -7097.91 -7185.59 -7271.93 -7356.90 -7440.46 -7522.61 -7603.30 -7682.52 -7760.24 -7836.46 -7911.15 -7984.29 -8055.89 -8125.91 -8194.37 -8261.25 -8326.55 -8390.26 -8452.39 -8512.95 -8571.93 -8629.35 -8685.20 -8739.52 -8792.29 -8843.55 -8893.30 -8941.57
-3019.78 -3131.35 -3243.05 -3354.84 -3466.69 -3578.57 -3690.46 -3802.32 -3914.13 -4025.84 -4137.42 -4248.83 -4360.04 -4471.01 -4581.69 -4692.05 -4802.04 -4911.62 -5020.75 -5129.38 -5237.47 -5344.97 -5451.84 -5558.03 -5663.49 -5768.18 -5872.06 -5975.08 -6077.19 -6178.34 -6278.51 -6377.63 -6475.68 -6572.60 -6668.35 -6762.91 -6856.23 -6948.26 -7038.99 -7128.37 -7216.36 -7302.96 -7388.10 -7471.79 -7553.99 -7634.68 -7713.83 -7791.43 -7867.46 -7941.91 -8014.76 -8086.01 -8155.65 -8223.66 -8290.05 -8354.83 -8417.98 -8479.51 -8539.42 -8597.73 -8654.45 -8709.58 -8763.13 -8815.13 -8865.58
-2775.35 -2888.38 -3001.60 -3115.00 -3228.53 -3342.17 -3455.90 -3569.67 -3683.44 -3797.20 -3910.89 -4024.48 -4137.93 -4251.20 -4364.24 -4477.01 -4589.48 -4701.58 -4813.28 -4924.53 -5035.28 -5145.49 -5255.11 -5364.08 -5472.36 -5579.91 -5686.67 -5792.60 -5897.65 -6001.76 -6104.90 -6207.02 -6308.08 -6408.02 -6506.81 -6604.40 -6700.76 -6795.84 -6889.60 -6982.02 -7073.05 -7162.66 -7250.82 -7337.51 -7422.68 -7506.33 -7588.42 -7668.93 -7747.85 -7825.16 -7900.83 -7974.87 -8047.27 -8118.00 -8187.07 -8254.48 -8320.22 -8384.30 -8446.72 -8507.49 -8566.60 -8624.08 -8679.93 -8734.17 -8786.81
-2528.66 -2643.12 -2757.86 -2872.84 -2988.05 -3103.44 -3218.98 -3334.64 -3450.38 -3566.17 -3681.96 -3797.71 -3913.39 -4028.95 -4144.34 -4259.51 -4374.43 -4489.05 -4603.31 -4717.17 -4830.58 -4943.48 -5055.84 -5167.59 -5278.68 -5389.07 -5498.71 -5607.54 -5715.51 -5822.58 -5928.70 -6033.80 -6137.86 -6240.82 -6342.63 -6443.26 -6542.65 -6640.77 -6737.57 -6833.02 -6927.07 -7019.70 -7110.87 -7200.55 -7288.70 -7375.30 -7460.32 -7543.75 -7625.55 -7705.71 -7784.21 -7861.04 -7936.19 -8009.64 -8081.39 -8151.44 -8219.77 -8286.40 -8351.31 -8414.52 -8476.04 -8535.86 -8594.00 -8650.48 -8705.30
-2279.94 -2395.82 -2512.06 -2628.62 -2745.48 -2862.60 -2979.94 -3097.48 -3215.17 -3332.97 -3450.85 -3568.75 -3686.64 -3804.47 -3922.19 -4039.76 -4157.12 -4274.23 -4391.04 -4507.50 -4623.54 -4739.13 -4854.21 -4968.72 -5082.62 -5195.84 -5308.34 -5420.06 -5530.95 -5640.96 -5750.03 -5858.12 -5965.17 -6071.13 -6175.96 -6279.61 -6382.03 -6483.18 -6583.01 -6681.48 -6778.56 -6874.20 -6968.36 -7061.02 -7152.14 -7241.69 -7329.65 -7415.97 -7500.65 -7583.66 -7664.98 -7744.60 -7822.50 -7898.66 -7973.08 -8045.75 -8116.67 -8185.84 -8253.25 -8318.90 -8382.81 -8444.97 -8505.39 -8564.10 -8621.09
-2029.45 -2146.73 -2264.44 -2382.56 -2501.06 -2619.89 -2739.02 -2858.42 -2978.03 -3097.83 -3217.78 -3337.81 -3457.89 -3577.97 -3698.01 -3817.95 -3937.74 -4057.33 -4176.67 -4295.70 -4414.38 -4532.63 -4650.42 -4767.68 -4884.36 -5000.40 -5115.74 -5230.34 -5344.13 -5457.07 -5569.08 -5680.14 -5790.16 -5899.12 -6006.95 -6113.61 -6219.04 -6323.21 -6426.06 -6527.54 -6627.62 -6726.26 -6823.42 -6919.05 -7013.13 -7105.62 -7196.49 -7285.71 -7373.26 -7459.11 -7543.24 -7625.64 -7706.27 -7785.14 -7862.23 -7937.52 -8011.02 -8082.71 -8152.60 -8220.69 -8286.98 -8351.47 -8414.17 -8475.10 -8534.25
-1777.43 -1896.09 -2015.26 -2134.92 -2255.03 -2375.55 -2496.45 -2617.68 -2739.21 -2860.98 -2982.97 -3105.11 -3227.37 -3349.69 -3472.02 -3594.31 -3716.50 -3838.55 -3960.40 -4081.99 -4203.27 -4324.17 -4444.65 -4564.63 -4684.08 -4802.91 -4921.09 -5038.54 -5155.22 -5271.06 -5386.01 -5500.01 -5613.00 -5724.93 -5835.75 -5945.40 -6053.83 -6161.00 -6266.85 -6371.33 -6474.40 -6576.03 -6676.16 -6774.75 -6871.78 -6967.19 -7060.97 -7153.07 -7243.48 -7332.16 -7419.09 -7504.24 -7587.61 -7669.17 -7748.91 -7826.81 -7902.87 -7977.09 -8049.45 -8119.96 -8188.62 -8255.43 -8320.39 -8383.52 -8444.83
-1524.14 -1644.16 -1764.77 -1885.94 -2007.64 -2129.83 -2252.47 -2375.51 -2498.92 -2622.65 -2746.66 -2870.89 -2995.29 -3119.82 -3244.42 -3369.04 -3493.62 -3618.11 -3742.44 -3866.56 -3990.42 -4113.95 -4237.09 -4359.78 -4481.97 -4603.58 -4724.56 -4844.85 -4964.39 -5083.12 -5200.97 -5317.90 -5433.83 -5548.72 -5662.50 -5775.13 -5886.54 -5996.69 -6105.52 -6212.98 -6319.03 -6423.62 -6526.71 -6628.25 -6728.20 -6826.53 -6923.19 -7018.17 -7111.41 -7202.90 -7292.61 -7380.52 -7466.60 -7550.84 -7633.21 -7713.71 -7792.32 -7869.04 -7943.87 -8016.78 -8087.80 -8156.91 -8224.12 -8289.44 -8352.88
-1269.84 -1391.18 -1513.20 -1635.87 -1759.13 -1882.96 -2007.31 -2132.15 -2257.42 -2383.08 -2509.07 -2635.36 -2761.89 -2888.60 -3015.45 -3142.37 -3269.30 -3396.20 -3522.99 -3649.62 -3776.04 -3902.16 -4027.94 -4153.31 -4278.21 -4402.58 -4526.34 -4649.44 -4771.82 -4893.41 -5014.15 -5133.97 -5252.82 -5370.64 -5487.37 -5602.94 -5717.31 -5830.42 -5942.21 -6052.64 -6161.64 -6269.18 -6375.20 -6479.66 -6582.52 -6683.74 -6783.28 -6881.10 -6977.16 -7071.45 -7163.92 -7254.56 -7343.34 -7430.23 -7515.22 -7598.30 -7679.45 -7758.66 -7835.92 -7911.23 -7984.58 -8055.98 -8125.42 -8192.91 -8258.46
-1014.78 -1137.42 -1260.83 -1384.95 -1509.75 -1635.19 -1761.23 -1887.83 -2014.92 -2142.48 -2270.44 -2398.76 -2527.38 -2656.25 -2785.31 -2914.50 -3043.76 -3173.04 -3302.26 -3431.37 -3560.31 -3689.01 -3817.40 -3945.42 -4073.01 -4200.09 -4326.61 -4452.49 -4577.68 -4702.10 -4825.69 -4948.39 -5070.14 -5190.86 -5310.50 -5429.01 -5546.31 -5662.35 -5777.08 -5890.43 -6002.37 -6112.83 -6221.76 -6329.12 -6434.87 -6538.95 -6641.34 -6741.98 -6840.85 -6937.91 -7033.12 -7126.47 -7217.92 -7307.45 -7395.04 -7480.68 -7564.34 -7646.02 -7725.70 -7803.37 -7879.04 -7952.70 -8024.35 -8094.00 -8161.64
-759.21 -883.13 -1007.88 -1133.44 -1259.75 -1386.77 -1514.47 -1642.79 -1771.68 -1901.11 -2031.00 -2161.32 -2292.00 -2422.99 -2554.23 -2685.66 -2817.22 -2948.84 -3080.46 -3212.02 -3343.45 -3474.69 -3605.66 -3736.30 -3866.54 -3996.31 -4125.55 -4254.19 -4382.15 -4509.37 -4635.79 -4761.34 -4885.94 -5009.54 -5132.07 -5253.47 -5373.67 -5492.62 -5610.25 -5726.52 -5841.35 -5954.70 -6066.52 -6176.76 -6285.36 -6392.29 -6497.49 -6600.94 -6702.58 -6802.38 -6900.32 -6996.35 -7090.45 -7182.59 -7272.76 -7360.93 -7447.08 -7531.20 -7613.27 -7693.30 -7771.26 -7847.16 -7920.99 -7992.77 -8062.48
-503.40 -628.56 -754.63 -881.58 -1009.37 -1137.94 -1267.26 -1397.27 -1527.93 -1659.19 -1790.98 -1923.27 -2055.98 -2189.05 -2322.44 -2456.07 -2589.89 -2723.83 -2857.81 -2991.78 -3125.67 -3259.40 -3392.92 -3526.14 -3659.00 -3791.43 -3923.36 -4054.71 -4185.42 -4315.41 -4444.62 -4572.97 -4700.40 -4826.85 -4952.23 -5076.49 -5199.56 -5321.39 -5441.89 -5561.03 -5678.74 -5794.95 -5909.63 -6022.70 -6134.13 -6243.87 -6351.87 -6458.08 -6562.47 -6664.99 -6765.61 -6864.30 -6961.02 -7055.76 -7148.47 -7239.14 -7327.76 -7414.29 -7498.74 -7581.08 -7661.31 -7739.43 -7815.42 -7889.29 -7961.05
-247.59 -373.96 -501.32 -629.64 -758.86 -888.95 -1019.85 -1151.52 -1283.91 -1416.96 -1550.62 -1684.83 -1819.53 -1954.66 -2090.15 -2225.95 -2361.99 -2498.20 -2634.51 -2770.85 -2907.16 -3043.36 -3179.38 -3315.15 -3450.59 -3585.64 -3720.22 -3854.25 -3987.66 -4120.38 -4252.35 -4383.47 -4513.70 -4642.94 -4771.14 -4898.23 -5024.14 -5148.80 -5272.15 -5394.12 -5514.66 -5633.71 -5751.20 -5867.09 -5981.31 -6093.83 -6204.58 -6313.53 -6420.63 -6525.84 -6629.12 -6730.44 -6829.75 -6927.04 -7022.27 -7115.42 -7206.46 -7295.39 -7382.17 -7466.81 -7549.28 -7629.58 -7707.70 -7783.64 -7857.41
