3 Generate/61954781.asc
nrows 512
ncols 512
xllcenter 0.000000
yllcenter 0.000000
cellsize 5.000000
NODATA_value  -9999
[rows 330 to 359 of 512, columns 0 to 66 of 512]
4737.70 4679.54 4617.88 4689.75 4757.90 4683.85 4598.47 4614.61 4636.16 4544.01 4453.92 4475.36 4518.37 4575.44 4648.35 4681.78 4685.06 4690.57 4696.79 4669.09 4649.60 4664.10 4670.83 4687.09 4707.49 4641.61 4567.38 4592.81 4601.88 4534.15 4450.85 4351.83 4288.64 4335.00 4419.55 4526.29 4616.60 4595.31 4549.46 4558.34 4585.09 4626.18 4685.47 4717.80 4723.95 4714.90 4683.06 4674.03 4678.11 4641.38 4603.10 4621.95 4626.12 4552.60 4493.81 4491.49 4478.62 4441.16 4413.17 4406.90 4411.51 4448.55 4478.14 4458.09 4434.30 4396.37 4332.37
4670.08 4629.20 4586.07 4621.22 4655.38 4638.46 4621.48 4625.24 4620.84 4586.89 4558.73 4549.77 4553.41 4585.12 4616.08 4615.68 4605.23 4619.19 4648.97 4677.73 4695.97 4672.25 4615.48 4565.72 4548.97 4527.79 4517.35 4581.27 4618.33 4546.65 4467.69 4424.44 4400.12 4427.68 4470.81 4481.32 4492.57 4475.61 4441.00 4483.14 4543.22 4569.96 4607.26 4627.77 4629.74 4653.71 4669.35 4665.76 4659.63 4612.40 4559.02 4543.34 4523.55 4505.98 4502.97 4505.76 4491.31 4460.83 4439.34 4405.81 4380.56 4410.73 4424.49 4385.55 4355.58 4310.54 4253.95
4613.28 4590.50 4567.78 4568.22 4569.61 4605.04 4645.19 4625.08 4589.26 4609.46 4634.61 4586.28 4545.53 4558.07 4562.94 4544.98 4528.24 4542.30 4577.15 4643.64 4690.46 4639.35 4544.34 4454.07 4411.81 4430.15 4472.35 4564.26 4626.00 4548.06 4465.12 4468.68 4479.04 4495.66 4514.45 4445.26 4383.72 4366.74 4336.51 4405.52 4495.97 4511.65 4534.53 4550.83 4552.01 4602.11 4650.26 4637.17 4614.07 4560.99 4502.94 4463.66 4426.11 4465.76 4518.69 4526.26 4510.09 4485.70 4468.43 4405.07 4348.32 4375.37 4382.58 4334.23 4302.42 4246.56 4189.39
4581.19 4549.20 4517.23 4528.17 4544.18 4575.89 4613.91 4606.15 4578.27 4576.26 4571.27 4543.57 4525.55 4507.95 4482.37 4478.65 4480.97 4471.79 4482.65 4534.73 4563.71 4510.20 4420.02 4341.07 4306.99 4348.07 4417.96 4494.01 4544.76 4514.37 4476.05 4476.67 4477.14 4503.20 4526.99 4450.36 4379.21 4368.15 4344.88 4377.57 4438.56 4431.65 4431.48 4452.21 4458.40 4532.53 4605.62 4595.33 4573.12 4533.12 4495.41 4499.73 4505.59 4524.03 4548.86 4534.51 4495.58 4457.49 4427.45 4407.20 4389.03 4384.93 4363.95 4319.47 4292.60 4234.96 4176.55
4558.24 4513.84 4465.45 4479.42 4505.92 4534.80 4574.18 4582.44 4563.86 4535.66 4492.64 4478.08 4479.96 4431.91 4373.98 4382.36 4402.72 4372.90 4365.61 4409.38 4423.92 4375.25 4304.50 4251.18 4231.74 4292.55 4383.27 4435.96 4470.83 4485.05 4488.15 4483.27 4472.82 4509.35 4540.57 4459.35 4380.82 4376.09 4358.58 4353.25 4383.68 4353.05 4327.93 4351.22 4361.33 4460.38 4560.91 4556.01 4535.91 4510.43 4496.12 4546.67 4596.13 4586.82 4571.42 4523.53 4456.81 4409.21 4375.33 4407.33 4432.58 4400.35 4356.33 4320.55 4300.77 4235.35 4162.27
4476.93 4434.57 4383.46 4400.97 4438.16 4452.13 4480.96 4510.79 4507.67 4498.40 4463.54 4416.88 4393.84 4369.63 4333.40 4291.82 4267.27 4264.09 4286.73 4337.35 4352.87 4300.88 4241.12 4213.81 4208.57 4232.44 4285.44 4338.58 4380.72 4429.24 4464.09 4453.12 4433.02 4447.64 4455.22 4420.93 4386.93 4363.94 4327.07 4297.70 4310.05 4303.92 4302.04 4319.08 4324.35 4414.20 4508.15 4544.73 4563.00 4524.37 4504.39 4539.42 4570.31 4574.64 4560.89 4534.76 4496.97 4447.94 4418.97 4433.94 4433.52 4407.33 4374.14 4328.46 4296.37 4238.03 4163.60
4396.93 4358.91 4309.83 4334.87 4382.78 4376.72 4387.48 4431.95 4440.77 4454.28 4437.51 4369.75 4328.96 4333.41 4324.81 4238.32 4170.99 4192.79 4242.05 4296.99 4314.21 4255.77 4196.03 4182.91 4186.37 4173.99 4190.02 4242.47 4286.92 4362.80 4423.97 4403.35 4372.32 4365.57 4351.31 4367.05 4382.12 4347.08 4297.60 4249.45 4245.53 4263.84 4285.86 4297.30 4297.63 4376.37 4460.44 4535.35 4590.59 4535.64 4502.51 4513.16 4518.21 4535.70 4529.77 4533.00 4528.11 4475.00 4444.96 4437.59 4410.91 4391.88 4367.97 4310.04 4264.42 4217.30 4150.05
4407.06 4380.24 4342.02 4335.88 4353.40 4372.05 4399.94 4442.35 4456.18 4423.78 4371.19 4335.71 4315.81 4303.85 4276.60 4192.41 4130.87 4159.99 4216.73 4247.32 4241.29 4215.56 4187.66 4146.26 4120.83 4106.56 4112.88 4182.85 4252.17 4308.74 4359.85 4378.68 4378.39 4357.90 4325.20 4313.14 4305.78 4256.41 4201.44 4179.12 4191.42 4223.32 4252.05 4270.80 4285.89 4330.07 4381.29 4452.53 4502.27 4472.26 4463.74 4467.82 4465.20 4499.52 4511.87 4484.46 4449.27 4403.62 4379.10 4374.53 4352.60 4330.99 4303.17 4273.38 4256.69 4208.75 4145.30
4432.91 4416.96 4389.01 4351.49 4339.39 4376.76 4406.61 4431.38 4443.01 4374.68 4307.95 4325.39 4333.24 4298.14 4242.99 4152.90 4093.63 4130.22 4195.21 4203.27 4177.30 4187.86 4194.19 4125.72 4071.42 4046.89 4025.60 4094.84 4179.62 4224.10 4283.57 4360.75 4399.88 4360.85 4299.40 4249.60 4216.26 4163.09 4123.60 4147.34 4184.26 4221.57 4240.64 4250.76 4273.62 4285.33 4307.90 4379.54 4425.59 4420.17 4435.01 4430.14 4416.02 4463.67 4492.78 4434.73 4370.19 4331.39 4309.52 4304.92 4287.29 4263.38 4230.35 4227.02 4238.41 4194.18 4144.38
4346.53 4372.33 4385.92 4332.96 4307.30 4354.21 4376.72 4332.09 4289.36 4284.99 4302.97 4350.90 4363.74 4301.44 4214.69 4128.53 4082.41 4096.90 4141.60 4176.04 4179.34 4190.73 4195.41 4118.71 4053.23 4047.44 4027.19 4030.63 4065.70 4111.30 4192.56 4305.44 4361.82 4337.73 4281.40 4192.92 4132.68 4128.21 4156.39 4212.24 4259.15 4260.42 4228.77 4203.56 4207.72 4248.45 4303.88 4352.62 4371.61 4391.04 4428.37 4416.13 4391.81 4415.89 4425.45 4378.75 4328.31 4300.33 4285.17 4295.24 4296.54 4263.86 4218.95 4190.71 4178.44 4151.45 4128.63
4260.84 4329.17 4386.06 4319.56 4281.49 4345.83 4377.76 4280.37 4190.75 4238.88 4316.32 4369.14 4374.47 4286.09 4172.11 4094.60 4063.85 4057.34 4084.35 4148.05 4182.66 4196.54 4201.54 4118.18 4041.93 4061.85 4058.37 4011.63 4003.63 4040.47 4122.82 4250.92 4315.26 4311.40 4271.84 4156.37 4074.66 4109.96 4185.81 4253.53 4300.69 4272.37 4205.32 4160.27 4152.67 4220.52 4304.96 4327.01 4317.19 4360.36 4417.61 4395.14 4358.62 4357.05 4344.14 4306.41 4269.57 4255.38 4252.36 4282.51 4305.65 4266.13 4212.41 4162.11 4127.43 4112.92 4106.60
4319.54 4351.77 4381.14 4380.41 4401.40 4408.34 4379.13 4320.83 4271.89 4308.41 4367.76 4361.08 4307.98 4208.90 4089.78 4044.53 4046.08 4039.04 4064.35 4110.40 4133.77 4163.59 4181.48 4123.98 4070.38 4050.38 4012.70 3966.53 3951.61 4013.80 4114.98 4215.76 4262.04 4249.43 4207.05 4100.66 4023.90 4077.25 4167.50 4229.84 4271.49 4234.96 4167.09 4186.90 4239.11 4252.23 4275.58 4284.01 4267.02 4298.42 4339.29 4325.48 4296.71 4287.61 4270.48 4236.01 4207.04 4197.53 4198.36 4208.39 4212.28 4159.90 4095.10 4063.25 4042.67 4050.46 4063.83
4366.72 4369.86 4387.09 4467.39 4554.03 4499.84 4402.01 4375.45 4363.86 4386.63 4423.40 4353.12 4240.50 4136.17 4022.10 4018.99 4057.28 4044.08 4055.16 4070.62 4075.84 4118.54 4144.74 4108.92 4076.01 4023.13 3967.11 3937.51 3923.13 4003.68 4107.86 4165.41 4186.36 4169.07 4132.70 4043.91 3975.21 4042.86 4140.89 4191.42 4224.34 4184.88 4128.44 4225.28 4342.35 4293.24 4240.09 4219.72 4188.66 4208.57 4233.94 4230.24 4211.23 4197.88 4180.89 4153.62 4134.50 4128.99 4131.51 4119.19 4102.92 4040.62 3970.92 3963.64 3959.93 3988.17 4017.22
4302.40 4314.96 4358.16 4454.23 4541.14 4522.50 4452.87 4398.59 4365.27 4384.89 4410.72 4347.42 4246.23 4138.15 4030.31 4020.36 4045.37 4041.34 4052.31 4074.27 4098.03 4074.89 4031.07 4016.37 4004.74 3994.91 3996.83 4012.09 4026.69 4069.54 4120.57 4124.01 4108.41 4073.94 4030.35 4015.80 4011.54 4022.62 4057.71 4120.37 4169.15 4149.52 4126.97 4161.56 4204.13 4217.46 4212.64 4155.10 4102.00 4137.22 4175.37 4136.86 4083.19 4077.72 4072.56 4058.23 4053.32 4043.28 4038.82 4040.73 4040.81 4000.37 3957.55 3960.89 3960.15 3973.71 3983.63
4250.77 4265.25 4317.74 4412.49 4490.96 4509.47 4473.63 4397.64 4345.39 4365.16 4387.81 4340.28 4256.98 4145.11 4037.98 4014.63 4023.18 4032.45 4052.01 4087.99 4130.95 4038.75 3923.91 3930.49 3940.37 3966.67 4011.61 4057.17 4094.99 4108.92 4124.18 4090.52 4046.04 3989.42 3927.47 3975.31 4028.50 3982.78 3957.96 4036.38 4102.68 4096.44 4093.72 4051.70 4012.40 4093.40 4150.38 4069.50 4000.69 4052.65 4107.40 4039.30 3956.75 3963.71 3973.02 3972.87 3982.56 3969.19 3960.15 3978.56 3995.77 3974.04 3951.69 3959.35 3958.72 3959.83 3955.63
4244.48 4272.72 4335.21 4416.76 4483.07 4486.32 4448.49 4415.69 4395.71 4382.43 4364.43 4307.01 4224.42 4152.32 4086.28 4039.01 4019.46 4027.07 4045.49 4069.11 4097.33 4059.90 4001.65 3989.62 3979.63 3978.17 3988.21 4022.92 4056.41 4031.09 4011.44 4024.75 4024.70 3983.29 3935.56 3943.58 3956.54 3919.44 3904.20 3964.74 4011.03 4007.95 4007.36 3982.90 3963.04 4015.44 4046.11 3990.29 3946.29 3952.75 3958.98 3927.17 3885.44 3880.84 3883.49 3886.79 3896.50 3894.89 3894.98 3902.58 3911.35 3912.83 3912.20 3941.12 3960.50 3937.62 3912.60
4233.33 4271.72 4335.45 4393.00 4437.49 4430.31 4411.61 4445.13 4468.32 4414.39 4340.05 4259.48 4177.38 4156.66 4144.52 4083.65 4040.26 4047.29 4066.73 4079.42 4091.85 4108.23 4108.21 4079.96 4051.33 4014.97 3974.00 3981.01 4000.80 3937.11 3888.31 3955.07 4002.51 3976.49 3943.55 3912.82 3887.19 3862.20 3861.69 3909.05 3937.46 3936.41 3935.37 3925.95 3924.65 3950.26 3958.05 3930.64 3912.91 3869.47 3817.31 3811.31 3804.13 3789.63 3792.53 3806.80 3819.91 3827.40 3831.16 3822.92 3821.80 3847.47 3868.85 3918.98 3958.27 3914.01 3873.85
4260.75 4276.48 4306.65 4354.05 4389.88 4363.97 4356.77 4433.64 4479.02 4418.31 4323.91 4228.07 4155.14 4125.55 4106.23 4086.11 4070.74 4076.85 4096.27 4107.04 4112.47 4130.67 4137.14 4111.23 4083.27 4019.90 3935.09 3900.29 3892.00 3862.41 3857.14 3912.26 3942.82 3921.93 3894.07 3860.15 3831.70 3829.59 3854.45 3921.46 3964.36 3937.21 3907.64 3866.24 3836.46 3868.04 3885.68 3843.73 3809.19 3792.67 3758.30 3740.40 3729.82 3734.74 3767.38 3768.58 3761.65 3766.88 3763.37 3775.94 3801.77 3830.45 3852.61 3867.03 3869.02 3823.40 3787.94
4314.72 4308.98 4307.89 4346.74 4373.08 4313.12 4287.17 4377.79 4432.06 4375.18 4284.37 4197.71 4147.00 4109.76 4081.65 4099.82 4111.22 4114.43 4129.41 4133.66 4129.52 4146.91 4155.17 4127.15 4098.00 4014.15 3899.49 3836.61 3805.98 3805.92 3835.21 3869.91 3879.63 3864.34 3842.67 3806.93 3776.85 3797.04 3844.78 3928.81 3985.26 3933.82 3879.14 3809.17 3752.70 3789.25 3813.90 3754.48 3701.71 3715.59 3706.60 3684.09 3672.70 3691.58 3743.59 3721.50 3689.59 3694.88 3690.03 3729.51 3785.12 3817.35 3841.36 3821.14 3786.30 3736.52 3699.55
4378.23 4359.88 4337.01 4344.04 4337.00 4301.52 4300.61 4318.87 4310.63 4286.84 4239.89 4176.46 4151.04 4136.32 4126.87 4162.23 4181.98 4197.95 4222.76 4203.35 4174.03 4175.96 4167.92 4131.88 4099.12 4021.41 3916.16 3846.65 3802.42 3801.17 3822.86 3823.19 3809.46 3811.61 3808.53 3758.89 3714.81 3736.17 3783.90 3838.54 3863.96 3825.95 3784.09 3753.17 3737.33 3749.57 3752.77 3714.49 3681.06 3678.10 3656.76 3651.39 3651.12 3620.64 3621.03 3634.80 3644.61 3669.44 3687.44 3683.44 3693.81 3719.54 3733.90 3766.21 3783.49 3741.53 3707.73
4456.96 4425.48 4379.91 4354.87 4315.97 4305.66 4327.79 4271.00 4198.93 4208.73 4206.29 4165.92 4163.79 4167.74 4172.65 4221.72 4248.36 4277.64 4313.64 4272.26 4219.26 4205.35 4178.57 4131.87 4094.48 4029.64 3948.33 3886.92 3836.50 3827.66 3825.97 3775.87 3731.31 3751.00 3766.75 3703.45 3645.47 3667.82 3715.18 3740.31 3735.12 3710.24 3679.52 3685.89 3710.12 3700.82 3688.03 3676.22 3664.46 3650.55 3629.91 3654.75 3671.56 3588.24 3529.24 3570.84 3618.16 3663.32 3707.11 3662.50 3628.23 3644.28 3643.61 3723.38 3790.54 3751.89 3711.33
4495.61 4462.87 4408.54 4382.27 4343.02 4294.28 4275.16 4240.03 4198.85 4189.49 4176.34 4163.20 4187.72 4217.92 4245.58 4283.53 4294.67 4321.77 4354.29 4292.60 4217.90 4208.48 4183.09 4121.63 4074.79 4027.80 3976.11 3920.15 3861.13 3827.20 3784.35 3716.11 3672.20 3669.63 3664.16 3637.41 3615.73 3630.63 3669.47 3680.24 3660.11 3638.00 3607.94 3589.81 3592.20 3591.25 3592.22 3593.91 3590.73 3584.36 3583.26 3611.91 3619.41 3583.69 3565.41 3565.80 3580.95 3594.61 3612.01 3634.25 3662.78 3667.38 3650.22 3703.63 3747.46 3725.48 3691.58
4494.02 4463.05 4407.43 4389.43 4358.99 4281.77 4232.78 4228.67 4222.32 4190.49 4158.26 4161.51 4201.99 4249.60 4293.22 4315.66 4309.76 4335.09 4365.39 4285.48 4191.99 4191.95 4174.50 4104.14 4050.66 4016.56 3983.25 3922.22 3851.75 3803.64 3739.24 3671.65 3636.77 3611.50 3583.77 3592.27 3605.74 3612.61 3642.94 3639.95 3605.87 3588.69 3562.60 3523.10 3505.30 3510.78 3520.61 3530.77 3533.80 3529.38 3535.76 3556.48 3550.11 3566.58 3597.34 3564.15 3549.73 3528.28 3512.84 3595.16 3681.95 3674.65 3643.38 3673.42 3695.41 3694.70 3677.56
4495.48 4480.84 4440.46 4373.08 4296.41 4245.01 4215.22 4204.51 4196.26 4158.81 4127.48 4145.68 4192.39 4222.91 4250.69 4295.31 4312.23 4299.02 4290.97 4235.47 4165.77 4164.71 4139.07 4053.87 3993.24 3973.36 3956.91 3908.79 3849.83 3801.56 3742.59 3664.67 3612.39 3597.67 3583.44 3592.03 3602.64 3613.59 3644.32 3639.40 3607.08 3596.40 3575.64 3527.60 3502.52 3483.76 3464.81 3486.61 3505.81 3492.74 3492.57 3501.74 3480.72 3465.10 3458.53 3435.63 3437.76 3466.13 3506.00 3566.27 3625.58 3625.29 3601.81 3646.55 3682.63 3652.16 3602.81
4483.75 4484.38 4457.61 4340.99 4222.32 4197.56 4179.69 4153.58 4139.69 4104.16 4088.43 4134.51 4189.68 4197.90 4206.34 4271.21 4310.47 4259.08 4213.17 4182.27 4135.82 4125.43 4074.77 3958.33 3883.55 3881.24 3888.64 3861.43 3820.47 3782.73 3746.42 3674.18 3611.58 3610.35 3616.12 3631.30 3641.99 3653.31 3676.33 3661.34 3627.02 3621.60 3603.55 3544.39 3510.98 3463.63 3406.09 3429.69 3460.60 3441.00 3438.50 3439.47 3403.28 3346.67 3287.63 3260.66 3272.77 3356.10 3462.98 3512.88 3549.82 3556.93 3542.53 3603.35 3654.17 3591.41 3504.31
4501.78 4460.82 4392.55 4293.85 4200.99 4168.80 4128.35 4097.54 4087.15 4061.91 4068.42 4119.38 4159.36 4180.59 4205.45 4236.83 4246.25 4210.20 4179.65 4167.65 4138.69 4112.29 4030.08 3859.72 3748.50 3749.04 3766.62 3768.54 3754.09 3731.95 3722.91 3675.52 3620.54 3640.97 3674.89 3687.37 3688.85 3708.78 3732.28 3704.47 3665.39 3630.87 3581.23 3513.38 3474.11 3458.24 3422.19 3391.84 3378.67 3377.09 3395.93 3418.87 3397.35 3330.37 3249.72 3191.59 3187.39 3235.30 3318.79 3394.56 3445.38 3475.74 3486.34 3525.61 3553.61 3494.94 3406.73
4498.85 4419.48 4317.00 4244.15 4182.29 4151.46 4104.41 4084.40 4084.86 4061.98 4072.15 4108.79 4123.82 4155.54 4193.53 4188.61 4167.06 4145.91 4129.54 4135.18 4123.06 4087.88 3990.26 3782.23 3642.28 3644.82 3670.24 3699.29 3711.48 3700.70 3707.26 3672.60 3619.64 3658.78 3714.35 3717.62 3706.92 3739.10 3771.16 3738.58 3698.38 3635.96 3557.45 3483.66 3439.81 3460.05 3455.54 3381.31 3328.67 3342.04 3375.27 3412.90 3402.02 3328.94 3237.67 3159.61 3144.12 3150.91 3198.72 3288.05 3347.05 3399.78 3433.66 3449.73 3454.20 3402.45 3319.40
4336.14 4300.65 4248.96 4176.75 4118.17 4140.48 4148.34 4129.95 4122.41 4103.73 4109.51 4143.37 4154.81 4165.29 4175.96 4128.93 4079.14 4082.11 4091.04 4098.14 4084.88 4013.16 3889.03 3735.96 3643.25 3622.42 3622.63 3663.37 3694.40 3678.25 3677.32 3662.24 3624.38 3670.65 3734.59 3739.75 3729.65 3745.54 3757.01 3717.91 3675.41 3627.20 3568.89 3495.89 3447.23 3455.41 3442.84 3398.64 3371.94 3382.08 3399.65 3392.83 3345.22 3277.03 3196.47 3111.82 3087.99 3097.38 3145.68 3258.75 3343.67 3370.11 3376.69 3373.83 3361.02 3321.67 3261.22
4172.27 4180.19 4178.07 4104.84 4047.74 4124.99 4194.14 4184.29 4172.24 4157.00 4156.37 4185.97 4194.75 4178.77 4147.20 4042.48 3957.32 3987.05 4027.01 4041.46 4030.23 3932.16 3802.88 3725.97 3690.31 3640.12 3601.38 3639.69 3682.43 3659.39 3649.21 3652.27 3628.92 3683.58 3758.68 3768.51 3760.25 3755.56 3737.05 3682.03 3632.95 3604.64 3579.09 3519.40 3471.59 3471.62 3459.69 3454.27 3457.50 3455.70 3438.50 3368.35 3276.02 3218.56 3160.27 3080.29 3053.14 3062.92 3107.05 3239.20 3347.89 3346.72 3323.12 3298.46 3267.09 3249.29 3231.56
4091.84 4091.67 4086.10 4060.10 4052.23 4116.04 4178.64 4197.67 4203.07 4190.44 4184.29 4170.43 4137.88 4098.55 4027.23 3936.04 3884.94 3879.88 3889.77 3932.76 3944.91 3875.26 3795.46 3749.42 3725.08 3685.84 3647.34 3641.76 3654.35 3647.94 3652.35 3665.42 3649.47 3679.67 3733.06 3766.82 3779.65 3751.72 3700.58 3647.99 3610.69 3572.85 3550.55 3521.12 3491.08 3508.56 3522.88 3538.91 3554.81 3527.38 3462.50 3374.77 3283.75 3183.14 3092.95 3039.52 3030.09 3062.25 3124.20 3195.89 3248.81 3294.35 3314.92 3291.08 3263.76 3254.07 3265.37
