3 Generate/61954781.asc
nrows 512
ncols 512
xllcenter 0.000000
yllcenter 0.000000
cellsize 5.000000
NODATA_value  -9999
[rows 30 to 59 of 512, columns 134 to 200 of 512]
1296.14 1342.13 1375.02 1392.73 1434.75 1489.40 1529.43 1423.46 1306.60 1322.80 1353.88 1386.89 1411.44 1429.50 1452.71 1460.74 1469.94 1442.96 1430.82 1453.84 1511.10 1686.65 1844.95 1853.50 1841.99 1918.84 1994.76 1999.05 1991.48 1946.27 1922.49 2071.73 2247.94 2300.79 2343.74 2461.34 2553.57 2521.45 2500.07 2580.84 2651.66 2708.80 2779.65 2835.71 2900.34 2992.08 3077.73 3134.57 3204.93 3298.38 3355.50 3385.37 3397.56 3314.41 3233.30 3267.30 3304.15 3300.80 3316.03 3313.41 3306.18 3353.99 3406.76 3489.48 3590.24 3617.50 3629.58
1311.57 1362.48 1381.44 1417.26 1485.79 1539.25 1569.74 1481.46 1364.99 1357.43 1382.19 1381.01 1363.50 1349.02 1348.29 1361.59 1382.42 1395.97 1417.86 1483.09 1582.69 1714.90 1830.42 1850.25 1845.39 1924.34 2005.75 2010.28 2009.54 1995.47 1997.53 2097.88 2219.16 2307.57 2390.88 2472.52 2527.64 2534.96 2549.62 2609.04 2660.14 2691.02 2738.05 2824.62 2926.99 3016.61 3097.79 3176.79 3277.59 3409.64 3491.71 3482.26 3434.42 3350.72 3289.35 3304.13 3329.61 3349.09 3379.80 3394.89 3411.09 3450.35 3484.75 3545.16 3609.20 3586.47 3567.40
1326.44 1363.18 1359.40 1409.39 1495.95 1539.74 1556.79 1494.00 1395.21 1381.12 1407.30 1375.42 1323.60 1284.14 1262.34 1277.03 1302.14 1348.93 1401.13 1507.79 1648.86 1736.65 1808.00 1839.55 1844.35 1928.77 2017.27 2019.10 2018.60 2028.65 2052.38 2104.81 2175.44 2304.04 2429.79 2475.51 2494.43 2543.47 2598.37 2641.39 2676.74 2684.00 2708.28 2822.47 2955.46 3034.26 3103.45 3194.29 3310.77 3468.30 3569.88 3530.98 3444.22 3381.19 3349.67 3342.49 3349.49 3384.54 3427.36 3457.32 3491.18 3517.34 3534.25 3584.20 3631.12 3576.60 3534.03
1305.00 1347.31 1358.65 1385.91 1440.01 1453.25 1449.77 1395.56 1315.31 1333.27 1381.30 1339.76 1277.57 1270.92 1283.59 1297.15 1323.69 1343.34 1364.88 1491.83 1651.08 1721.12 1774.54 1847.68 1900.25 1929.70 1959.49 1989.88 2013.01 2036.42 2078.37 2131.92 2201.69 2317.25 2432.04 2483.37 2515.52 2575.98 2637.21 2695.13 2746.55 2741.15 2748.88 2864.00 2992.60 3070.09 3141.64 3214.56 3303.47 3433.41 3518.38 3516.48 3476.49 3406.82 3358.94 3357.75 3364.74 3382.06 3412.94 3433.62 3457.66 3488.41 3511.57 3565.68 3622.30 3602.43 3587.75
1312.43 1339.14 1356.48 1351.58 1352.15 1313.90 1280.90 1246.16 1207.21 1279.69 1359.69 1307.61 1233.60 1259.00 1307.43 1325.33 1361.68 1361.70 1355.49 1499.98 1671.36 1715.70 1742.83 1855.18 1960.87 1942.70 1917.51 1971.52 2007.43 2033.31 2088.37 2140.82 2205.12 2303.13 2405.00 2469.72 2532.87 2624.65 2706.27 2789.31 2868.19 2859.34 2854.26 2964.94 3076.95 3139.67 3204.37 3244.29 3279.14 3356.20 3413.01 3457.43 3485.41 3430.47 3376.01 3375.01 3369.07 3355.73 3368.79 3379.69 3393.22 3428.85 3460.79 3528.88 3611.57 3641.79 3661.98
1284.27 1294.73 1318.92 1270.62 1206.57 1175.62 1171.88 1171.57 1188.75 1240.69 1277.30 1290.20 1280.60 1256.71 1259.76 1323.55 1410.95 1422.82 1419.52 1536.70 1673.47 1737.11 1782.35 1855.49 1936.57 1969.87 1990.81 2006.86 1993.91 1995.82 2037.53 2103.70 2177.38 2228.27 2287.74 2403.98 2538.35 2663.39 2768.06 2848.43 2926.21 2982.51 3031.05 3126.87 3210.60 3230.06 3258.96 3294.18 3303.66 3321.46 3344.92 3377.62 3415.63 3419.79 3403.21 3396.24 3371.24 3320.38 3308.73 3349.22 3392.61 3409.19 3426.30 3506.29 3612.70 3682.03 3725.18
1241.34 1252.46 1291.40 1209.91 1103.44 1102.00 1137.84 1162.29 1213.82 1223.32 1206.52 1285.91 1344.27 1274.83 1234.62 1342.18 1474.94 1492.72 1489.31 1578.52 1679.52 1760.71 1821.58 1847.14 1889.00 1959.87 2020.74 2003.68 1952.51 1941.07 1974.25 2056.11 2143.59 2151.82 2170.97 2333.75 2528.59 2676.82 2801.63 2880.22 2955.19 3074.17 3175.03 3259.61 3322.93 3306.57 3301.94 3340.51 3344.79 3323.89 3323.22 3334.14 3360.55 3402.22 3413.66 3406.56 3375.49 3300.14 3269.69 3341.49 3418.68 3420.47 3425.55 3512.99 3631.50 3728.04 3788.79
1315.17 1272.94 1267.46 1231.77 1174.31 1119.87 1100.33 1154.78 1232.66 1262.65 1268.53 1313.38 1347.22 1309.33 1294.29 1385.53 1494.05 1538.18 1564.65 1623.50 1682.78 1742.66 1783.92 1793.56 1821.71 1856.61 1890.11 1899.04 1877.72 1868.86 1900.52 1972.60 2049.40 2091.79 2146.47 2286.10 2463.71 2636.84 2791.47 2936.95 3080.96 3195.55 3278.45 3314.39 3321.18 3328.53 3348.55 3348.76 3321.63 3320.05 3337.71 3370.61 3416.49 3464.36 3485.21 3436.59 3367.85 3311.51 3296.13 3366.16 3440.72 3466.01 3500.72 3577.70 3683.90 3766.85 3810.95
1398.04 1297.24 1244.96 1257.65 1254.65 1152.61 1080.02 1161.07 1258.05 1301.32 1326.53 1343.65 1367.93 1376.24 1392.24 1459.09 1527.29 1581.96 1631.01 1655.81 1665.86 1697.61 1717.56 1712.93 1728.06 1727.05 1733.11 1772.11 1789.66 1792.46 1826.80 1888.19 1952.14 2026.52 2115.72 2229.29 2382.94 2573.51 2752.91 2967.57 3189.29 3308.89 3378.18 3362.93 3307.89 3334.02 3377.26 3346.04 3300.97 3331.74 3373.44 3425.08 3483.62 3530.81 3557.78 3471.12 3372.79 3343.63 3347.03 3410.24 3470.95 3508.19 3566.59 3631.29 3722.76 3790.05 3816.70
1372.30 1249.06 1184.58 1216.24 1238.12 1180.86 1147.53 1212.89 1286.72 1316.24 1333.91 1368.78 1428.13 1463.42 1490.93 1545.87 1586.50 1621.98 1664.69 1687.34 1682.01 1660.93 1635.53 1635.85 1656.54 1655.64 1668.35 1687.56 1694.23 1737.30 1802.97 1847.42 1892.25 1953.55 2032.14 2150.51 2308.95 2503.24 2692.97 2926.58 3176.47 3329.72 3416.13 3406.26 3347.09 3366.00 3406.85 3384.06 3360.48 3378.31 3397.56 3420.06 3443.25 3482.85 3508.97 3448.79 3385.46 3382.35 3403.55 3443.59 3473.14 3480.97 3521.38 3623.78 3750.82 3831.46 3870.64
1336.32 1200.80 1128.47 1176.43 1217.22 1198.61 1201.30 1253.42 1310.47 1332.78 1345.87 1390.45 1466.97 1510.50 1538.99 1585.42 1610.37 1639.36 1681.56 1707.65 1700.17 1641.41 1582.02 1595.32 1629.40 1634.51 1656.23 1651.65 1638.65 1713.31 1806.55 1835.43 1863.70 1914.38 1983.45 2106.94 2270.06 2465.84 2659.86 2899.00 3158.64 3329.21 3425.69 3424.98 3370.64 3392.46 3438.28 3422.91 3412.50 3407.86 3400.04 3396.14 3390.11 3428.13 3455.80 3417.79 3380.65 3394.91 3430.00 3450.75 3457.35 3443.01 3466.50 3603.55 3764.41 3857.62 3909.24
1345.55 1214.80 1138.38 1186.71 1230.79 1216.55 1219.22 1230.67 1245.41 1310.54 1368.59 1379.22 1412.69 1485.34 1550.48 1562.88 1561.34 1609.91 1664.77 1694.14 1691.82 1640.35 1588.79 1596.98 1628.52 1635.29 1655.22 1676.29 1689.41 1754.64 1838.17 1850.34 1861.52 1944.36 2046.03 2165.50 2319.57 2485.36 2652.13 2879.39 3125.87 3320.86 3444.58 3440.54 3385.82 3390.83 3416.87 3413.90 3414.16 3405.72 3394.72 3397.59 3400.19 3436.52 3462.66 3425.60 3391.51 3420.61 3467.29 3467.10 3456.81 3468.35 3512.02 3615.90 3735.11 3822.96 3880.02
1327.38 1221.62 1149.91 1201.47 1254.85 1249.96 1252.45 1217.52 1182.81 1284.62 1384.98 1352.96 1324.08 1405.91 1497.12 1480.47 1466.75 1549.85 1624.29 1658.67 1665.92 1627.78 1590.60 1602.57 1642.76 1660.76 1682.92 1729.94 1769.79 1826.16 1900.11 1894.91 1887.84 2001.75 2135.46 2245.88 2379.25 2501.73 2631.24 2838.42 3062.53 3274.40 3422.20 3418.19 3370.91 3367.57 3379.23 3389.93 3400.24 3386.71 3371.83 3383.31 3399.15 3439.91 3470.83 3442.83 3421.88 3474.40 3536.32 3519.03 3499.62 3543.14 3605.81 3660.85 3712.56 3770.92 3822.81
1268.14 1224.21 1192.27 1223.68 1261.98 1259.36 1254.25 1245.12 1233.49 1286.09 1343.90 1317.63 1274.17 1304.88 1361.68 1381.82 1421.99 1495.76 1546.53 1582.02 1596.56 1575.85 1557.68 1582.01 1638.88 1690.45 1735.57 1774.27 1806.53 1860.88 1932.05 1984.61 2034.46 2109.11 2204.57 2283.05 2371.16 2503.68 2648.68 2806.45 2979.40 3176.69 3318.78 3355.29 3356.60 3371.62 3395.85 3377.45 3354.82 3347.57 3339.51 3372.12 3415.23 3456.51 3488.80 3476.67 3475.15 3502.80 3530.16 3561.68 3597.44 3619.48 3647.15 3674.01 3679.47 3715.66 3771.39
1244.40 1247.39 1248.21 1255.03 1268.64 1258.35 1240.21 1257.02 1270.77 1276.81 1293.31 1280.60 1239.77 1236.38 1266.05 1314.77 1391.72 1439.28 1458.85 1495.85 1518.59 1516.74 1519.55 1555.83 1625.56 1706.33 1772.30 1802.26 1826.06 1877.48 1945.36 2055.92 2163.40 2199.54 2257.01 2306.29 2355.18 2503.20 2664.81 2772.43 2895.66 3080.35 3217.74 3292.09 3336.28 3364.22 3399.11 3353.87 3302.06 3304.63 3305.05 3358.93 3429.62 3472.25 3507.52 3511.03 3525.72 3524.75 3515.73 3590.21 3667.96 3654.80 3639.91 3645.57 3623.04 3655.90 3724.15
1216.65 1232.53 1244.58 1263.62 1290.94 1292.07 1278.45 1248.83 1213.25 1225.01 1254.87 1246.89 1217.61 1233.23 1271.24 1300.60 1353.27 1392.21 1411.36 1427.66 1431.53 1455.85 1491.77 1532.56 1608.62 1704.15 1775.50 1817.63 1850.10 1896.90 1963.51 2058.79 2157.97 2198.67 2253.89 2315.90 2366.65 2481.51 2611.93 2730.74 2866.67 3017.16 3127.19 3207.21 3263.95 3281.33 3301.69 3278.82 3247.27 3271.62 3292.29 3335.57 3401.13 3462.89 3519.74 3497.40 3480.73 3518.94 3547.34 3609.72 3669.53 3677.69 3681.66 3679.13 3657.70 3648.21 3673.88
1166.87 1182.43 1199.61 1236.30 1289.79 1315.16 1312.53 1233.52 1140.76 1150.09 1189.54 1196.11 1200.18 1256.90 1313.91 1319.31 1336.22 1354.89 1368.46 1359.28 1333.20 1372.08 1434.66 1481.63 1570.16 1687.07 1766.88 1817.74 1851.36 1886.01 1947.86 2034.68 2140.73 2201.15 2260.85 2331.64 2376.02 2450.08 2547.04 2678.55 2827.77 2944.12 3026.71 3116.79 3195.73 3212.08 3221.82 3219.55 3205.31 3248.77 3288.64 3320.75 3379.35 3457.90 3534.22 3480.50 3422.66 3490.66 3552.29 3603.57 3647.84 3680.29 3705.78 3704.17 3701.04 3665.84 3656.37
1145.86 1144.01 1150.97 1197.99 1271.36 1305.06 1297.87 1236.77 1153.85 1103.89 1095.13 1118.75 1159.41 1249.50 1318.09 1302.71 1286.88 1291.42 1304.92 1319.23 1310.53 1321.80 1368.34 1441.69 1563.38 1691.08 1770.27 1792.67 1790.28 1830.60 1905.51 2027.80 2184.61 2267.42 2334.24 2388.87 2403.64 2446.65 2520.49 2649.35 2796.00 2892.12 2959.54 3037.89 3116.66 3175.45 3217.88 3219.91 3206.95 3221.01 3232.28 3265.24 3327.43 3429.38 3531.26 3501.63 3458.52 3507.77 3555.49 3598.11 3630.98 3640.72 3641.28 3615.57 3605.14 3634.54 3678.59
1129.26 1116.74 1116.59 1168.93 1252.13 1285.14 1271.47 1235.86 1174.73 1076.49 1024.33 1055.97 1113.68 1218.34 1291.67 1264.05 1230.55 1235.42 1255.58 1296.94 1312.30 1300.97 1330.12 1420.30 1562.07 1688.97 1762.51 1759.82 1728.84 1782.25 1873.56 2024.31 2216.47 2306.19 2372.94 2416.93 2415.22 2441.98 2503.26 2636.33 2787.11 2868.05 2922.29 2983.69 3050.66 3139.67 3207.86 3213.00 3201.82 3187.69 3171.23 3204.47 3267.93 3389.44 3511.76 3504.43 3479.46 3514.77 3551.02 3586.05 3610.51 3602.16 3583.85 3533.63 3506.32 3589.06 3681.16
1121.72 1121.58 1128.69 1178.17 1253.21 1237.86 1180.87 1151.74 1096.61 1026.72 1003.99 1052.11 1128.49 1217.96 1274.08 1240.90 1202.83 1186.13 1183.63 1242.64 1279.88 1248.23 1253.81 1368.33 1527.80 1647.75 1720.50 1710.31 1678.85 1760.68 1873.57 1966.22 2089.33 2217.70 2333.35 2366.81 2364.67 2424.35 2509.47 2636.58 2778.95 2867.42 2930.52 3000.28 3070.12 3127.38 3168.15 3188.52 3196.12 3203.92 3207.21 3195.74 3208.98 3314.39 3424.89 3445.58 3454.74 3477.41 3495.91 3532.36 3554.38 3561.55 3564.61 3519.54 3492.72 3557.37 3634.72
1125.51 1147.86 1166.12 1206.24 1260.17 1183.30 1075.95 1050.80 998.68 954.64 960.24 1026.96 1126.78 1205.87 1247.08 1209.53 1169.16 1132.97 1108.46 1188.75 1256.73 1214.28 1201.90 1336.28 1500.85 1600.67 1666.53 1655.91 1639.77 1766.10 1908.66 1933.68 1965.07 2108.98 2262.66 2295.21 2314.85 2430.59 2552.07 2674.31 2806.36 2899.64 2970.20 3042.83 3103.17 3115.45 3120.68 3156.07 3186.73 3221.90 3248.16 3187.52 3139.10 3215.96 3307.15 3358.74 3412.27 3433.33 3439.22 3473.01 3484.17 3499.69 3523.96 3484.73 3453.09 3493.02 3552.30
1141.37 1141.29 1125.60 1164.60 1205.44 1150.82 1076.84 1015.04 925.55 874.33 875.74 952.49 1067.19 1133.04 1156.48 1150.23 1143.15 1130.96 1127.74 1168.72 1207.49 1208.40 1232.49 1349.37 1481.55 1551.91 1600.99 1651.53 1712.61 1808.38 1905.59 1946.02 1968.55 2040.47 2144.20 2228.82 2324.15 2483.40 2629.02 2740.20 2855.52 2947.64 3018.86 3071.18 3097.97 3120.33 3144.88 3141.35 3141.57 3186.04 3218.32 3193.77 3167.97 3162.71 3180.62 3229.48 3293.92 3388.10 3456.87 3460.90 3435.39 3410.46 3407.52 3410.17 3409.31 3420.45 3456.28
1143.75 1109.70 1054.32 1096.37 1134.25 1111.98 1075.44 976.73 850.58 793.15 790.84 875.50 1000.51 1048.52 1052.05 1075.98 1099.83 1109.18 1125.95 1123.88 1125.76 1162.59 1220.09 1326.62 1441.36 1497.07 1536.05 1640.97 1764.46 1814.91 1860.22 1927.00 1964.38 1987.85 2052.10 2179.36 2330.26 2513.24 2674.58 2777.81 2882.00 2978.33 3052.58 3088.93 3091.63 3133.30 3180.84 3134.37 3096.55 3143.13 3178.65 3195.24 3202.18 3124.52 3073.14 3112.64 3174.37 3328.19 3453.76 3433.69 3384.15 3331.81 3308.60 3359.19 3400.26 3393.32 3410.41
1068.99 1111.68 1136.42 1111.87 1079.39 1031.89 973.04 899.55 806.93 745.00 732.92 800.32 899.50 952.99 970.78 987.07 1001.99 1002.61 1011.02 998.68 996.29 1051.54 1125.15 1248.68 1384.27 1441.78 1476.27 1583.88 1703.93 1763.27 1824.91 1896.52 1944.70 1986.00 2059.54 2173.26 2312.47 2467.59 2604.17 2712.23 2818.02 2920.30 2999.47 3048.83 3058.88 3059.81 3068.07 3060.95 3066.50 3084.31 3093.12 3089.15 3074.01 3045.72 3039.78 3096.14 3176.21 3286.32 3370.25 3379.04 3366.35 3314.29 3290.55 3342.45 3383.80 3405.05 3444.69
1016.59 1126.20 1226.33 1131.90 1022.48 943.28 859.18 818.19 775.12 724.74 710.16 751.41 805.19 844.49 867.38 874.68 878.16 867.55 866.36 846.72 846.81 927.05 1019.12 1162.94 1327.95 1396.11 1430.15 1532.95 1633.11 1684.71 1754.66 1837.10 1910.27 1983.71 2072.93 2170.80 2293.42 2415.48 2524.12 2633.38 2734.68 2837.14 2918.66 2979.12 2992.50 2949.13 2917.53 2953.77 3009.30 3004.62 2989.77 2968.27 2937.37 2965.02 3008.45 3084.04 3185.56 3254.68 3298.12 3338.04 3366.99 3319.55 3296.15 3348.15 3389.46 3439.03 3501.28
1059.83 1101.81 1142.94 1080.07 995.45 916.36 838.94 770.81 717.61 688.66 681.27 706.65 725.12 733.97 745.63 742.65 733.43 737.89 753.53 750.93 777.22 851.66 931.24 1083.63 1266.59 1384.65 1458.14 1532.83 1589.36 1564.48 1573.88 1682.39 1795.91 1908.68 2021.20 2136.05 2274.00 2406.93 2531.26 2625.76 2706.94 2780.23 2835.72 2910.35 2931.27 2854.45 2794.27 2841.47 2914.23 2929.74 2932.86 2902.30 2865.00 2925.34 2995.18 3028.66 3089.94 3188.00 3259.90 3261.41 3261.15 3278.04 3314.24 3380.93 3437.22 3479.96 3531.01
1101.79 1084.81 1070.81 1042.47 989.40 917.47 850.50 748.85 670.33 647.38 640.13 658.31 660.45 657.68 666.28 653.34 632.98 654.20 687.42 697.79 741.17 800.06 861.17 1015.28 1204.47 1361.34 1469.34 1522.73 1550.49 1463.61 1417.97 1544.03 1681.47 1817.55 1946.10 2078.74 2233.60 2378.05 2516.14 2594.42 2657.18 2703.95 2734.78 2826.85 2862.98 2761.48 2679.30 2739.52 2828.33 2861.81 2881.77 2840.83 2794.47 2885.77 2983.52 2977.89 3000.44 3127.98 3228.39 3187.61 3149.02 3219.79 3307.68 3383.21 3448.62 3479.96 3517.92
1090.05 1066.01 1045.73 1015.06 965.20 884.65 805.04 744.06 707.89 685.92 679.07 671.79 651.94 669.11 692.91 662.53 620.01 606.35 609.76 627.48 676.40 748.84 825.43 975.98 1160.21 1294.32 1382.14 1415.31 1427.44 1430.59 1468.29 1558.56 1656.30 1757.12 1855.02 1961.33 2083.52 2229.26 2374.23 2462.61 2541.18 2625.03 2688.94 2751.11 2760.16 2676.83 2613.91 2672.30 2754.79 2783.23 2801.08 2789.18 2777.57 2862.82 2948.19 2957.51 2991.58 3093.51 3170.04 3155.80 3139.75 3192.03 3266.02 3333.29 3395.26 3436.66 3479.56
1059.59 1026.49 999.15 971.73 937.43 861.32 776.85 760.62 771.77 755.01 750.35 721.54 688.18 733.36 775.07 720.96 644.57 584.73 553.30 576.50 626.69 708.17 797.75 942.09 1116.59 1223.32 1288.86 1306.90 1314.34 1417.58 1541.04 1588.04 1634.37 1689.15 1751.72 1825.38 1900.70 2032.77 2176.09 2276.86 2380.08 2510.57 2612.03 2646.08 2632.68 2573.86 2537.17 2596.12 2668.51 2686.34 2699.16 2722.00 2757.83 2849.69 2928.25 2949.50 2988.87 3059.04 3108.94 3117.16 3114.85 3140.20 3197.31 3262.60 3333.02 3395.98 3448.94
1093.22 1005.07 924.87 918.61 918.49 869.30 802.63 771.48 770.00 751.96 742.24 747.38 755.56 794.02 818.76 762.09 673.13 612.34 591.70 608.37 647.63 696.25 756.81 884.30 1038.45 1146.93 1219.49 1261.36 1302.21 1391.72 1486.85 1525.19 1555.06 1604.06 1672.47 1763.96 1842.16 1910.10 2001.07 2087.45 2188.78 2345.43 2464.66 2478.79 2452.83 2441.30 2454.16 2519.39 2586.79 2622.95 2657.88 2672.68 2713.10 2810.46 2881.11 2929.70 2989.85 3047.79 3090.67 3079.18 3048.78 3029.81 3052.75 3154.94 3272.58 3338.64 3382.79
