3 Generate/61954781.asc
nrows 512
ncols 512
xllcenter 0.000000
yllcenter 0.000000
cellsize 5.000000
NODATA_value  -9999
[rows 300 to 329 of 512, columns 268 to 334 of 512]
1435.88 1445.34 1415.50 1343.79 1304.53 1289.49 1294.33 1368.57 1425.34 1377.38 1329.92 1331.44 1344.15 1414.62 1481.90 1508.40 1555.26 1670.36 1804.92 1847.18 1847.20 1844.15 1817.17 1805.02 1824.87 1826.25 1825.34 1862.17 1898.73 1907.13 1935.23 1981.75 1992.99 2030.60 2077.63 2068.16 2074.78 2147.82 2251.21 2393.88 2516.51 2564.08 2583.11 2585.43 2609.98 2646.67 2692.13 2733.04 2769.85 2888.45 3011.00 3122.33 3211.25 3147.34 3047.84 2971.77 2906.77 2898.31 2907.40 2957.92 3023.90 3026.91 3029.59 3067.26 3133.70 3244.08 3343.27
1486.67 1501.08 1482.15 1424.74 1394.93 1375.90 1371.87 1391.00 1390.43 1374.22 1362.06 1335.79 1325.81 1375.06 1426.19 1490.42 1576.49 1689.20 1810.75 1837.31 1824.09 1838.86 1835.94 1821.44 1829.07 1818.14 1801.21 1838.00 1881.05 1877.83 1891.98 1935.06 1949.33 2001.86 2068.16 2086.81 2114.98 2203.41 2320.91 2420.71 2502.88 2552.23 2571.39 2585.93 2624.20 2663.83 2714.71 2783.79 2845.93 2921.95 2999.14 3078.58 3137.12 3125.03 3077.56 3001.29 2936.36 2930.23 2944.45 3004.65 3077.45 3097.82 3113.66 3145.21 3205.53 3288.94 3362.04
1519.24 1544.63 1549.45 1519.11 1504.55 1482.57 1472.14 1438.99 1383.29 1401.50 1428.41 1377.55 1345.83 1372.68 1405.80 1505.46 1628.36 1728.08 1816.25 1807.35 1772.02 1813.74 1855.07 1858.70 1864.23 1838.02 1796.89 1825.35 1871.51 1852.07 1841.05 1869.23 1881.11 1952.91 2048.48 2105.34 2159.68 2261.48 2388.52 2440.79 2480.15 2529.13 2544.17 2566.69 2616.50 2661.18 2722.62 2825.04 2914.66 2945.50 2972.09 3014.49 3040.34 3079.89 3084.00 3006.98 2941.57 2940.03 2964.85 3040.17 3121.91 3157.98 3184.19 3207.12 3260.46 3317.77 3366.13
1488.06 1529.14 1562.38 1550.23 1541.83 1510.83 1489.30 1527.21 1540.14 1493.25 1459.09 1415.71 1392.69 1432.43 1481.51 1561.22 1665.20 1757.94 1819.35 1814.02 1797.12 1839.95 1900.41 1933.01 1947.57 1898.08 1824.63 1819.80 1843.61 1859.92 1875.04 1863.88 1848.64 1933.69 2052.56 2128.44 2190.27 2273.99 2378.93 2448.37 2509.50 2544.97 2542.71 2539.32 2566.82 2625.76 2707.00 2817.36 2909.08 2969.07 3019.48 3052.63 3073.72 3106.21 3103.05 3020.95 2950.63 2938.61 2958.91 3040.22 3121.74 3165.29 3194.37 3209.36 3256.69 3332.38 3400.33
1471.80 1523.78 1573.68 1567.74 1560.01 1520.70 1490.14 1602.59 1688.99 1581.17 1487.80 1452.12 1437.06 1487.48 1548.41 1602.78 1681.81 1770.04 1818.06 1831.18 1839.78 1875.52 1937.36 1981.91 1999.55 1934.09 1840.66 1814.39 1821.72 1879.41 1931.48 1891.08 1852.14 1943.85 2074.02 2157.39 2221.57 2289.12 2376.03 2466.50 2550.74 2573.66 2557.12 2530.82 2537.02 2607.01 2701.74 2813.74 2904.40 2995.24 3074.02 3102.61 3121.09 3146.53 3136.01 3048.58 2972.86 2946.91 2955.85 3036.27 3113.99 3166.05 3201.61 3213.02 3257.65 3353.47 3442.06
1518.83 1560.48 1604.81 1604.37 1598.16 1588.94 1585.16 1607.94 1609.73 1548.41 1504.71 1501.14 1512.82 1523.15 1543.55 1632.01 1743.65 1818.68 1856.72 1859.14 1856.15 1889.62 1942.62 1989.23 2015.20 1951.47 1868.88 1865.94 1888.62 1930.28 1963.93 1930.26 1900.68 1973.47 2079.75 2140.42 2186.93 2271.69 2376.48 2446.78 2510.82 2540.66 2538.19 2569.26 2624.84 2694.34 2785.62 2900.70 2996.81 3062.88 3112.60 3138.98 3159.53 3152.68 3111.99 3052.17 3002.87 2998.07 3025.30 3092.26 3157.53 3186.18 3202.99 3239.17 3301.99 3371.94 3434.45
1547.89 1581.13 1627.63 1641.14 1640.43 1658.02 1674.37 1602.27 1520.42 1514.85 1533.60 1573.14 1615.44 1583.75 1560.58 1678.52 1816.23 1873.23 1900.65 1893.66 1880.02 1904.44 1933.37 1966.20 1991.82 1936.12 1881.48 1919.63 1965.96 1989.23 1999.12 1966.85 1944.30 1993.34 2064.83 2091.85 2115.71 2218.36 2342.71 2395.06 2441.22 2487.49 2517.23 2623.25 2736.09 2802.23 2883.64 2995.10 3092.96 3128.93 3139.35 3153.60 3171.75 3135.04 3070.01 3044.84 3028.10 3047.01 3091.73 3143.24 3195.04 3205.23 3213.48 3283.22 3365.04 3403.28 3433.84
1612.59 1616.88 1645.24 1648.17 1629.15 1647.65 1659.61 1587.04 1516.34 1542.19 1598.41 1663.87 1717.85 1720.60 1728.70 1768.05 1823.32 1867.46 1890.17 1911.71 1927.30 1934.35 1930.28 1909.86 1895.49 1856.40 1838.53 1915.17 1983.19 1972.13 1942.34 1914.17 1901.36 1957.78 2025.60 2058.78 2099.75 2156.49 2237.17 2333.65 2424.18 2498.81 2572.48 2670.46 2757.04 2844.09 2939.64 3005.74 3063.50 3094.12 3090.11 3111.04 3145.89 3134.91 3102.38 3104.42 3113.21 3106.34 3118.65 3162.76 3207.92 3243.76 3286.16 3337.43 3385.74 3421.53 3449.83
1709.22 1679.19 1678.61 1660.38 1618.26 1642.76 1661.65 1600.29 1546.92 1601.81 1688.17 1771.60 1832.95 1867.56 1902.31 1857.94 1826.74 1852.59 1862.49 1905.21 1946.84 1942.60 1918.79 1858.19 1809.30 1777.34 1776.41 1871.91 1952.79 1910.03 1846.20 1827.78 1827.30 1896.21 1971.47 2021.89 2084.99 2095.82 2132.90 2273.74 2409.17 2505.44 2607.37 2681.46 2734.50 2844.94 2960.07 2986.18 3006.05 3035.16 3025.63 3062.24 3117.90 3131.75 3129.89 3157.72 3192.43 3163.76 3150.23 3193.11 3234.44 3289.59 3351.84 3369.87 3376.94 3409.17 3435.03
1752.24 1721.25 1716.15 1687.04 1640.97 1659.06 1680.57 1679.58 1684.29 1703.86 1745.17 1832.52 1897.92 1912.97 1927.23 1905.64 1890.27 1895.42 1885.31 1881.61 1886.77 1867.15 1828.95 1776.75 1732.45 1715.16 1725.24 1801.99 1871.53 1851.95 1814.55 1817.99 1836.36 1866.25 1905.99 1944.10 1991.18 2048.81 2132.26 2273.47 2412.51 2515.86 2622.16 2723.78 2804.03 2864.80 2928.04 2978.94 3024.12 3069.23 3085.44 3083.32 3091.65 3137.74 3167.82 3176.61 3198.57 3193.72 3202.71 3256.66 3303.77 3355.85 3410.24 3400.26 3376.65 3397.10 3406.92
1821.96 1786.84 1768.73 1719.96 1665.92 1680.67 1711.23 1776.35 1840.14 1814.72 1793.19 1867.17 1928.53 1929.24 1935.50 1949.74 1957.21 1941.08 1907.46 1853.39 1820.23 1788.70 1743.78 1707.84 1672.27 1665.82 1677.36 1725.57 1779.31 1786.01 1781.82 1813.88 1854.16 1848.56 1860.58 1894.17 1928.74 2030.38 2154.05 2289.28 2428.59 2536.31 2642.05 2766.48 2871.80 2881.91 2891.23 2964.97 3034.77 3105.73 3168.89 3149.18 3119.79 3192.88 3243.25 3220.96 3223.79 3241.71 3272.87 3337.97 3391.04 3441.34 3490.75 3456.10 3404.49 3409.18 3391.67
1940.26 1899.96 1867.54 1812.52 1763.17 1764.45 1792.15 1849.98 1898.83 1891.18 1870.08 1903.85 1936.03 1933.84 1945.17 1976.75 1989.13 1933.84 1858.34 1783.49 1740.08 1741.66 1735.70 1729.47 1716.28 1693.87 1679.83 1705.85 1749.48 1739.54 1725.60 1762.62 1801.12 1830.61 1885.51 1918.68 1944.84 2063.36 2199.56 2311.98 2434.56 2534.79 2628.34 2741.67 2838.71 2884.98 2927.46 2962.87 2996.20 3090.33 3197.67 3250.63 3273.50 3290.89 3277.66 3254.21 3267.47 3286.48 3318.57 3400.42 3466.26 3483.47 3497.97 3473.63 3429.45 3425.73 3387.79
2040.96 2002.80 1968.18 1918.27 1878.65 1861.29 1874.03 1910.73 1934.26 1944.57 1933.30 1937.94 1946.18 1937.09 1945.56 1988.21 2006.46 1920.64 1813.88 1727.29 1677.44 1709.57 1737.09 1755.75 1764.29 1733.19 1706.16 1721.90 1760.71 1731.00 1700.48 1735.56 1769.08 1829.98 1919.81 1944.60 1958.70 2096.08 2249.04 2342.36 2448.53 2540.97 2624.57 2729.63 2819.73 2903.36 2981.85 2982.02 2980.96 3089.79 3221.32 3326.66 3392.53 3358.01 3288.99 3271.03 3294.92 3309.97 3338.02 3432.89 3510.10 3494.87 3476.27 3465.46 3433.49 3432.81 3392.26
2127.57 2085.20 2041.49 1990.09 1951.81 1964.40 2007.30 2011.66 1999.03 2023.49 2028.52 2010.75 1994.53 1974.04 1963.78 1957.77 1935.89 1884.56 1828.10 1781.11 1757.36 1763.66 1758.01 1762.39 1765.34 1734.42 1705.16 1689.08 1698.03 1709.12 1722.07 1758.11 1791.49 1845.75 1924.56 1975.46 2018.35 2117.59 2232.97 2335.65 2448.15 2571.95 2688.35 2770.42 2838.38 2888.34 2934.41 2986.12 3035.58 3104.35 3189.82 3296.33 3368.71 3362.97 3324.38 3310.91 3337.79 3338.17 3350.81 3424.82 3481.42 3507.79 3532.24 3537.62 3519.58 3475.88 3394.59
2226.33 2179.78 2121.41 2061.83 2021.72 2066.06 2142.77 2117.68 2068.41 2106.64 2131.14 2094.93 2056.35 2017.18 1971.90 1901.22 1832.62 1831.79 1859.21 1885.14 1902.58 1875.44 1820.00 1794.11 1785.66 1754.93 1720.22 1668.47 1645.64 1700.05 1762.54 1806.83 1846.22 1894.56 1957.79 2028.98 2097.75 2159.33 2237.54 2348.03 2461.48 2609.75 2754.14 2810.38 2855.21 2872.76 2889.41 2995.99 3098.28 3122.51 3150.31 3246.05 3319.47 3344.23 3339.97 3335.13 3367.49 3353.67 3350.53 3403.07 3438.81 3508.45 3579.31 3603.80 3599.91 3513.72 3395.14
2277.58 2248.61 2196.98 2149.53 2126.81 2136.56 2180.03 2200.66 2189.75 2197.75 2198.01 2153.86 2104.23 2046.97 1967.52 1889.14 1830.86 1832.60 1895.87 1996.56 2056.68 1998.01 1895.30 1833.52 1808.22 1777.31 1736.58 1698.04 1691.70 1761.02 1845.86 1903.18 1953.75 2003.10 2057.27 2115.85 2176.37 2267.85 2374.50 2442.13 2505.22 2625.01 2745.09 2822.02 2892.20 2903.83 2917.91 3002.48 3080.85 3156.88 3223.25 3268.73 3303.36 3304.92 3281.51 3290.29 3333.23 3341.35 3358.52 3391.36 3407.77 3450.76 3497.62 3544.49 3557.90 3485.68 3386.45
2318.45 2312.66 2278.32 2253.22 2252.49 2225.05 2229.41 2289.78 2314.17 2288.90 2258.98 2201.25 2138.45 2071.69 1976.09 1908.09 1868.83 1859.19 1926.42 2069.77 2158.01 2076.26 1944.93 1866.07 1832.94 1804.99 1764.14 1744.50 1757.10 1840.09 1944.88 2013.23 2074.95 2130.65 2185.61 2241.05 2297.48 2415.73 2543.85 2561.02 2568.68 2656.42 2747.84 2841.81 2935.73 2940.44 2949.90 3010.56 3064.38 3198.39 3316.43 3324.65 3326.38 3303.33 3257.73 3277.16 3329.53 3360.57 3399.69 3414.40 3412.24 3426.51 3444.68 3509.11 3537.33 3476.35 3391.14
2398.36 2406.78 2384.58 2343.32 2322.34 2321.59 2343.17 2356.31 2336.96 2291.15 2246.34 2214.69 2175.97 2124.28 2050.57 1975.32 1923.90 1925.98 1988.59 2053.46 2080.01 2033.78 1950.69 1898.29 1882.51 1838.37 1783.04 1805.09 1854.60 1917.67 2002.82 2068.60 2133.89 2215.99 2300.17 2384.01 2459.52 2516.34 2569.21 2605.63 2636.10 2699.46 2768.31 2824.24 2888.49 2943.55 3009.26 3073.84 3127.40 3245.46 3348.45 3350.08 3342.38 3326.68 3297.71 3345.05 3417.30 3450.75 3486.06 3520.90 3543.71 3556.48 3567.47 3599.50 3598.31 3515.41 3415.02
2472.75 2493.37 2481.03 2421.74 2379.75 2400.86 2429.10 2384.94 2318.42 2259.10 2212.44 2219.72 2211.49 2181.62 2143.19 2073.93 2016.63 2014.17 2035.64 1985.39 1933.61 1932.83 1919.68 1915.20 1925.95 1867.10 1801.75 1870.15 1958.59 1996.62 2050.93 2102.52 2165.02 2276.16 2397.79 2518.69 2617.20 2606.88 2572.35 2616.54 2666.08 2706.74 2753.51 2771.29 2805.62 2915.40 3047.08 3125.21 3182.57 3285.58 3376.23 3374.07 3358.24 3358.16 3363.94 3457.23 3557.38 3587.11 3605.48 3647.40 3689.34 3697.15 3693.36 3685.58 3652.07 3554.26 3453.08
2551.47 2583.69 2580.99 2532.09 2498.67 2490.73 2475.82 2412.18 2336.78 2277.63 2242.66 2274.90 2282.43 2270.82 2263.82 2186.99 2110.04 2050.31 1977.84 1892.18 1841.74 1871.47 1912.63 1927.27 1935.49 1907.55 1877.99 1932.58 2000.38 2023.98 2056.80 2100.20 2165.52 2293.57 2440.94 2604.26 2732.35 2708.36 2641.88 2641.19 2657.81 2684.69 2717.67 2733.68 2772.56 2855.94 2972.13 3109.31 3215.89 3300.95 3376.46 3425.33 3456.56 3475.63 3519.46 3609.88 3689.05 3703.89 3694.25 3723.90 3765.85 3758.78 3730.79 3703.72 3658.61 3597.38 3546.74
2609.13 2648.91 2652.97 2612.70 2587.32 2556.61 2512.70 2444.83 2370.10 2310.56 2280.39 2329.99 2350.56 2352.87 2365.74 2269.39 2167.42 2067.31 1937.74 1853.48 1821.17 1870.76 1942.50 1951.82 1944.84 1942.78 1941.36 1975.05 2018.98 2031.30 2049.40 2090.20 2157.81 2293.26 2452.11 2644.81 2796.69 2766.78 2686.43 2660.91 2658.24 2679.57 2706.86 2727.29 2773.09 2825.04 2914.70 3099.57 3249.33 3313.60 3369.62 3465.56 3542.09 3571.76 3634.74 3703.16 3752.08 3756.97 3731.43 3761.18 3808.86 3791.12 3748.32 3711.88 3660.92 3632.15 3620.30
2644.42 2659.43 2640.29 2608.58 2590.11 2554.32 2506.94 2445.49 2375.03 2331.26 2311.61 2353.49 2372.13 2321.55 2281.38 2222.08 2157.13 2081.85 1983.52 1902.28 1866.70 1873.06 1899.36 1943.14 1973.36 1973.12 1972.89 2019.55 2076.56 2088.18 2102.35 2134.51 2195.19 2308.02 2442.13 2620.32 2761.26 2753.59 2705.19 2690.99 2691.16 2713.57 2737.46 2763.24 2817.78 2897.34 3014.56 3152.48 3255.16 3316.60 3369.15 3450.48 3513.09 3556.25 3630.19 3698.28 3750.19 3785.14 3793.98 3800.10 3819.08 3799.64 3752.86 3732.27 3699.75 3665.96 3644.83
2676.19 2668.18 2629.44 2609.81 2599.79 2560.41 2512.84 2460.66 2394.64 2359.43 2336.84 2358.00 2368.87 2265.21 2171.63 2148.87 2120.44 2075.89 2022.40 1957.90 1925.34 1886.28 1862.53 1936.60 2003.18 2006.04 2007.52 2067.27 2137.42 2145.26 2148.04 2162.88 2209.78 2292.72 2392.48 2547.72 2674.05 2698.24 2703.50 2723.36 2739.07 2762.29 2777.06 2801.59 2861.99 2969.64 3114.75 3205.90 3261.48 3319.29 3366.82 3432.03 3480.03 3534.16 3613.76 3676.86 3731.15 3803.21 3858.55 3852.53 3847.97 3824.64 3769.08 3759.78 3744.31 3702.43 3663.81
2675.41 2671.25 2639.68 2620.01 2606.23 2594.18 2576.87 2531.19 2466.73 2424.03 2382.63 2332.35 2285.17 2196.76 2117.96 2103.12 2082.53 2056.52 2035.75 1999.23 1981.07 1976.11 1982.28 1998.88 2014.23 2029.93 2042.73 2089.60 2146.52 2128.01 2095.58 2136.55 2212.71 2288.31 2376.62 2484.21 2572.45 2634.56 2700.57 2773.06 2823.27 2810.33 2778.78 2801.05 2865.44 2978.35 3128.39 3231.37 3298.36 3371.76 3433.46 3470.14 3491.16 3551.05 3631.76 3669.97 3706.98 3766.12 3817.73 3874.00 3919.68 3900.78 3845.04 3818.03 3790.68 3730.29 3663.69
2673.57 2671.80 2643.98 2620.73 2601.54 2614.56 2622.61 2578.39 2512.80 2467.36 2418.43 2308.15 2208.14 2134.91 2070.84 2063.80 2050.92 2036.91 2034.68 2012.04 2001.86 2033.77 2075.94 2041.32 2008.67 2038.33 2064.10 2099.62 2144.03 2101.00 2037.05 2107.41 2213.35 2282.50 2363.39 2427.75 2479.91 2571.39 2679.54 2786.45 2863.75 2820.35 2753.09 2783.47 2856.69 2975.13 3130.18 3245.03 3323.50 3413.19 3490.48 3500.02 3494.69 3563.66 3652.86 3673.79 3697.50 3740.09 3778.86 3888.09 3979.77 3967.99 3917.86 3879.06 3842.77 3768.47 3683.44
2698.75 2734.58 2747.45 2700.17 2653.18 2654.99 2648.69 2608.83 2548.46 2478.80 2405.56 2284.17 2175.56 2130.73 2088.33 2048.22 2008.44 2001.43 2007.60 1979.59 1963.32 1977.25 2006.98 2001.45 1994.80 2041.91 2081.18 2091.42 2112.35 2103.08 2077.87 2129.54 2205.19 2269.06 2344.22 2409.58 2469.34 2528.09 2603.80 2696.55 2764.95 2773.32 2761.65 2800.03 2872.97 2975.19 3106.34 3236.63 3337.31 3402.54 3453.00 3461.71 3457.88 3528.71 3620.75 3673.40 3731.25 3803.42 3871.25 3906.11 3920.73 3933.61 3914.05 3890.25 3864.44 3811.84 3749.80
2723.01 2800.07 2861.32 2797.62 2726.24 2715.49 2692.00 2653.81 2597.77 2503.70 2405.03 2271.29 2153.47 2130.74 2096.23 2009.33 1936.49 1937.85 1955.23 1924.62 1903.51 1903.11 1928.27 1959.62 1982.19 2042.81 2087.57 2064.66 2058.59 2093.40 2129.70 2185.84 2242.73 2301.01 2367.62 2430.74 2496.50 2518.45 2552.80 2622.16 2676.85 2740.73 2794.32 2850.69 2928.06 3007.19 3099.07 3229.46 3345.59 3384.43 3403.44 3406.62 3402.13 3473.08 3564.04 3644.29 3733.93 3835.16 3931.93 3892.56 3830.24 3872.62 3894.16 3895.82 3885.09 3855.55 3819.91
2755.39 2822.24 2880.39 2860.56 2824.98 2783.82 2725.74 2651.84 2562.88 2503.39 2438.13 2299.27 2179.01 2146.63 2088.38 1972.93 1885.32 1837.61 1808.76 1831.10 1860.57 1851.04 1876.46 1962.19 2031.38 2036.24 2017.36 2014.09 2034.22 2096.32 2178.58 2253.08 2305.48 2352.43 2404.31 2439.80 2484.92 2530.94 2583.89 2661.39 2733.60 2771.52 2809.21 2905.69 3010.53 3080.72 3147.60 3220.10 3293.70 3353.00 3387.34 3412.34 3434.37 3463.77 3511.38 3591.11 3684.23 3779.35 3870.13 3873.52 3851.91 3888.70 3915.98 3939.28 3939.73 3890.53 3838.66
2787.65 2841.10 2888.81 2905.42 2902.22 2832.41 2743.88 2638.87 2520.12 2497.62 2468.83 2327.45 2205.85 2170.17 2102.28 1972.48 1876.82 1779.29 1701.92 1774.80 1853.75 1831.00 1847.45 1977.94 2088.37 2039.29 1962.93 1985.88 2035.27 2115.93 2225.41 2300.75 2343.63 2385.99 2431.58 2446.61 2474.11 2547.06 2624.62 2715.37 2805.28 2808.90 2817.07 2940.94 3067.67 3136.21 3194.15 3224.92 3263.69 3346.25 3401.30 3453.35 3504.26 3493.10 3499.25 3579.74 3675.43 3761.73 3843.82 3887.93 3906.23 3932.36 3954.12 3987.54 3993.34 3921.87 3849.29
2811.42 2848.25 2883.60 2925.10 2942.50 2875.66 2783.89 2691.96 2593.01 2533.32 2465.84 2353.78 2262.67 2204.01 2119.09 2001.54 1912.86 1862.32 1833.44 1833.04 1836.72 1856.23 1908.32 1996.44 2072.26 2057.75 2019.19 2017.95 2039.07 2115.24 2216.13 2292.84 2340.20 2369.27 2399.96 2436.98 2488.45 2553.22 2621.78 2683.90 2747.58 2797.20 2852.74 2957.98 3064.49 3144.92 3222.25 3286.06 3350.10 3414.67 3448.48 3484.45 3521.69 3555.87 3608.65 3665.82 3735.59 3793.66 3848.81 3924.51 3974.73 3977.66 3972.56 4004.04 4011.76 3965.64 3914.44
