3 Generate/61954781.asc
nrows 512
ncols 512
xllcenter 0.000000
yllcenter 0.000000
cellsize 5.000000
NODATA_value  -9999
[rows 150 to 179 of 512, columns 402 to 468 of 512]
3157.69 3177.47 3195.93 3226.38 3262.39 3291.65 3314.32 3284.00 3234.87 3235.74 3242.50 3211.28 3186.08 3142.91 3108.19 3160.05 3213.65 3198.77 3194.56 3203.48 3205.78 3228.46 3267.86 3359.76 3486.60 3648.18 3790.51 3848.90 3897.94 3927.99 3938.63 4017.52 4079.56 4043.58 4008.34 3982.48 3960.74 3952.35 3953.41 4027.01 4123.78 4172.29 4213.62 4282.46 4340.45 4372.24 4387.09 4345.33 4278.63 4255.85 4219.51 4106.50 3979.22 3860.09 3761.95 3738.21 3715.63 3628.65 3535.23 3463.27 3383.97 3291.38 3205.17 3140.27 3072.69 2982.22 2888.34
3188.42 3194.15 3197.03 3220.20 3242.11 3236.93 3232.46 3226.81 3221.23 3262.50 3291.35 3253.47 3218.04 3192.95 3177.64 3218.00 3250.59 3235.77 3242.50 3270.88 3307.99 3349.44 3389.53 3443.27 3514.82 3646.37 3773.60 3861.14 3941.52 3951.08 3942.38 3979.57 4006.11 3997.40 3984.78 3983.21 3980.51 3954.64 3942.32 3990.06 4059.28 4123.01 4180.82 4247.06 4325.37 4387.27 4410.19 4375.96 4300.86 4257.59 4213.14 4063.66 3885.66 3748.19 3646.91 3618.59 3608.98 3556.88 3485.39 3376.55 3246.77 3155.90 3082.65 3015.56 2957.38 2911.00 2845.38
3243.47 3233.49 3220.22 3239.61 3254.77 3222.44 3194.14 3204.62 3223.61 3285.98 3327.39 3282.89 3238.94 3233.96 3239.02 3272.04 3292.50 3285.86 3305.42 3342.95 3396.06 3438.23 3470.89 3494.08 3527.47 3646.88 3768.93 3888.00 4001.11 3990.79 3962.89 3955.71 3940.66 3952.74 3958.80 3982.18 4002.13 3962.81 3939.02 3961.69 4005.17 4086.12 4161.78 4215.92 4292.60 4362.44 4383.34 4363.26 4294.53 4246.03 4201.54 4023.93 3811.00 3670.48 3572.84 3532.15 3517.97 3481.97 3420.86 3276.17 3104.87 3025.95 2970.60 2896.06 2836.33 2824.68 2786.92
3201.93 3234.12 3268.06 3284.29 3298.79 3281.09 3264.42 3285.37 3311.99 3359.58 3388.60 3329.00 3267.49 3271.56 3286.84 3307.84 3319.19 3299.94 3303.38 3353.01 3418.72 3453.03 3476.50 3525.23 3581.34 3643.69 3711.32 3792.34 3871.41 3924.15 3956.70 3952.83 3936.76 3945.49 3952.72 3954.16 3954.47 3935.58 3930.07 3936.57 3962.10 4035.24 4105.09 4174.44 4262.15 4336.85 4367.03 4333.62 4257.36 4207.53 4154.41 3998.35 3810.65 3647.85 3523.12 3488.47 3475.46 3414.50 3333.19 3202.68 3049.96 2951.56 2874.78 2812.12 2766.70 2756.95 2720.63
3160.28 3226.97 3306.06 3323.95 3345.23 3348.97 3346.82 3375.40 3403.57 3430.35 3444.25 3367.61 3284.32 3293.20 3316.77 3329.25 3339.34 3315.70 3307.64 3371.70 3453.26 3482.58 3498.17 3569.67 3642.12 3640.66 3649.95 3695.05 3746.64 3869.35 3965.56 3960.64 3933.91 3929.68 3933.79 3915.64 3901.32 3907.84 3922.90 3911.37 3914.77 3975.93 4038.04 4118.28 4207.51 4277.56 4312.71 4272.92 4204.59 4169.29 4115.72 3987.12 3835.50 3660.95 3513.96 3480.57 3457.78 3360.37 3252.47 3137.71 3009.59 2898.26 2803.15 2754.34 2727.79 2725.31 2694.92
3230.52 3245.37 3283.45 3289.80 3304.46 3355.35 3392.81 3406.72 3414.20 3444.38 3467.39 3408.14 3337.50 3313.60 3307.90 3308.28 3313.94 3337.15 3368.99 3410.67 3471.16 3518.57 3549.02 3602.36 3649.86 3660.63 3687.50 3747.04 3821.63 3900.62 3947.14 3930.41 3882.30 3857.91 3851.72 3850.55 3858.14 3866.87 3879.24 3897.86 3927.33 3962.86 4003.58 4052.97 4102.01 4167.85 4208.42 4198.71 4175.22 4160.41 4112.52 3947.40 3767.81 3642.30 3533.48 3477.34 3420.19 3322.36 3223.70 3117.45 3006.84 2885.30 2775.08 2703.48 2659.98 2684.37 2679.74
3279.29 3252.53 3254.60 3247.49 3250.50 3343.31 3417.76 3419.40 3411.87 3451.16 3485.77 3445.62 3391.70 3339.16 3306.05 3291.29 3285.89 3349.50 3418.69 3437.77 3475.88 3539.98 3584.75 3622.63 3650.71 3679.09 3725.80 3795.99 3885.56 3912.89 3906.18 3882.14 3822.47 3787.75 3775.75 3789.41 3814.11 3820.20 3827.71 3878.40 3938.09 3952.15 3973.35 3996.20 4014.51 4085.61 4135.90 4149.84 4157.15 4149.02 4101.06 3896.03 3679.94 3594.82 3520.55 3446.50 3364.96 3276.48 3191.31 3089.78 2988.70 2849.08 2720.25 2625.08 2562.91 2612.67 2633.74
3189.90 3180.62 3196.40 3247.43 3307.80 3384.76 3441.00 3462.22 3468.68 3454.51 3441.05 3419.92 3393.69 3374.48 3365.05 3346.39 3337.71 3387.36 3443.12 3455.38 3481.36 3532.34 3567.20 3616.01 3657.55 3665.88 3688.27 3750.80 3831.57 3895.94 3930.03 3913.35 3859.74 3808.74 3782.02 3778.08 3787.07 3786.44 3785.38 3847.81 3921.28 3975.04 4034.01 4035.70 4029.91 4062.15 4076.77 4086.70 4089.23 4085.20 4042.74 3870.52 3683.99 3572.08 3471.88 3391.62 3305.88 3195.57 3084.13 2962.56 2838.89 2715.03 2608.60 2558.49 2538.10 2520.68 2482.96
3088.03 3105.86 3139.00 3246.77 3363.02 3422.87 3460.08 3494.75 3502.40 3422.00 3354.43 3360.99 3382.08 3415.94 3439.17 3416.17 3403.27 3437.98 3479.78 3480.42 3484.02 3511.76 3532.37 3596.61 3661.02 3658.85 3661.72 3715.51 3784.00 3881.71 3954.93 3944.21 3893.51 3823.05 3780.17 3760.50 3757.84 3754.57 3746.80 3823.01 3914.73 4012.67 4111.45 4088.96 4052.38 4039.05 4014.97 4019.39 4013.89 4010.76 3972.42 3830.75 3668.73 3525.16 3397.32 3315.89 3236.13 3114.28 2982.03 2837.99 2684.52 2568.94 2481.50 2469.29 2474.61 2373.61 2268.85
3052.82 3113.09 3178.62 3274.04 3377.24 3431.54 3461.91 3474.66 3448.10 3354.73 3286.35 3311.23 3370.38 3442.30 3483.36 3438.54 3403.68 3453.33 3511.01 3517.77 3516.91 3513.52 3512.35 3572.16 3639.97 3680.91 3718.01 3741.10 3775.13 3851.18 3908.07 3890.47 3829.78 3744.73 3690.56 3684.00 3698.53 3729.74 3752.43 3792.24 3852.04 3951.72 4047.89 4029.54 3990.48 3984.14 3973.88 3968.62 3950.76 3928.87 3875.04 3764.08 3626.95 3475.16 3343.54 3255.39 3176.57 3073.95 2951.76 2826.87 2684.95 2512.28 2377.74 2336.42 2299.52 2214.81 2142.54
3038.65 3128.10 3218.16 3298.23 3385.77 3432.53 3454.87 3450.53 3401.30 3306.49 3242.22 3275.77 3352.58 3442.32 3492.02 3425.47 3368.78 3433.25 3506.17 3522.80 3527.01 3502.44 3484.42 3536.77 3600.78 3678.00 3747.35 3743.57 3749.02 3808.79 3851.76 3828.80 3761.37 3664.93 3600.90 3605.57 3633.22 3694.87 3746.18 3747.63 3771.14 3868.20 3959.81 3948.71 3913.95 3921.35 3927.98 3914.28 3886.76 3848.66 3780.11 3701.77 3594.67 3440.25 3308.11 3210.85 3126.51 3037.13 2924.04 2825.06 2705.53 2485.88 2308.79 2244.66 2178.82 2122.73 2086.38
3081.73 3162.45 3247.14 3311.25 3377.16 3402.72 3410.93 3385.02 3324.44 3281.86 3260.08 3255.17 3281.72 3338.61 3366.41 3357.29 3358.60 3408.10 3465.89 3459.32 3447.14 3465.53 3483.23 3518.93 3566.60 3611.77 3648.82 3677.56 3707.77 3719.21 3721.77 3702.96 3648.61 3604.91 3585.10 3587.74 3609.56 3668.43 3720.46 3708.62 3713.97 3784.48 3853.28 3873.59 3877.30 3875.62 3867.67 3858.37 3828.70 3759.08 3665.73 3568.19 3444.91 3321.30 3217.23 3111.82 3022.09 2944.72 2842.41 2747.25 2635.66 2461.70 2324.47 2251.14 2182.31 2116.06 2063.73
3148.28 3209.00 3280.96 3319.47 3347.50 3336.82 3324.86 3288.68 3240.57 3274.45 3307.75 3255.50 3208.66 3208.87 3203.82 3252.70 3313.40 3349.62 3393.77 3372.13 3359.72 3436.85 3497.13 3516.09 3547.67 3561.05 3565.68 3618.76 3656.20 3601.85 3556.01 3550.14 3528.40 3557.23 3591.21 3588.95 3597.36 3645.54 3694.33 3663.74 3639.10 3670.20 3707.60 3761.39 3814.23 3815.30 3798.35 3786.88 3740.67 3625.28 3500.96 3387.73 3255.44 3170.02 3098.22 2988.85 2901.67 2845.48 2761.70 2680.99 2592.65 2478.24 2387.12 2311.21 2253.50 2191.49 2130.61
3199.49 3193.69 3206.17 3229.60 3230.74 3225.94 3237.08 3219.88 3213.94 3296.76 3357.72 3311.25 3243.88 3202.76 3179.50 3203.77 3241.55 3261.64 3289.36 3299.28 3333.13 3416.68 3466.84 3489.73 3525.91 3566.45 3597.65 3608.83 3587.31 3537.11 3512.91 3505.62 3502.40 3528.53 3541.11 3547.06 3555.04 3584.20 3621.08 3599.49 3571.58 3586.92 3616.25 3634.77 3668.43 3707.61 3718.18 3696.65 3626.16 3473.46 3326.80 3259.46 3179.91 3086.06 3000.09 2903.59 2837.04 2804.05 2741.19 2672.12 2603.67 2485.23 2375.21 2331.39 2319.78 2302.63 2273.93
3229.96 3164.86 3120.58 3134.16 3121.10 3135.30 3175.99 3168.88 3184.64 3296.04 3376.09 3348.13 3286.54 3230.12 3200.44 3199.92 3214.41 3218.08 3229.43 3264.28 3329.37 3404.16 3437.11 3463.33 3503.15 3569.88 3627.06 3603.91 3540.44 3511.46 3516.59 3499.23 3495.65 3500.25 3482.95 3500.95 3516.74 3535.00 3563.43 3554.10 3530.42 3537.16 3560.68 3535.65 3534.11 3595.81 3626.92 3602.01 3522.02 3346.94 3185.06 3161.39 3129.02 3021.31 2919.29 2835.52 2788.17 2777.33 2736.40 2676.92 2620.51 2489.61 2356.95 2339.74 2361.80 2377.19 2375.59
3221.22 3167.79 3132.84 3140.59 3129.29 3115.51 3126.98 3153.24 3205.50 3310.15 3382.37 3328.77 3239.51 3205.10 3195.40 3191.75 3205.65 3207.62 3216.20 3274.50 3358.74 3449.50 3500.53 3499.60 3509.73 3563.41 3610.14 3590.24 3531.38 3477.01 3455.95 3456.97 3473.98 3507.50 3518.16 3507.68 3494.18 3515.62 3546.21 3518.15 3478.62 3479.51 3489.11 3471.63 3473.77 3514.76 3535.49 3522.36 3457.60 3313.47 3180.41 3120.44 3050.88 2943.82 2844.82 2802.51 2800.43 2765.72 2703.31 2660.55 2615.74 2530.38 2440.38 2371.89 2340.16 2337.64 2322.35
3177.01 3139.82 3117.41 3127.08 3132.04 3104.47 3093.35 3154.65 3246.41 3347.10 3412.56 3332.23 3213.30 3198.96 3208.38 3202.82 3218.73 3221.44 3227.98 3305.44 3400.22 3498.44 3563.60 3532.82 3507.60 3542.58 3576.20 3560.55 3508.70 3431.36 3385.17 3405.59 3445.43 3509.95 3549.12 3509.23 3465.22 3488.72 3520.84 3481.08 3441.62 3452.94 3456.76 3442.41 3436.89 3445.52 3450.53 3452.10 3409.11 3302.62 3201.80 3104.60 2995.07 2885.89 2789.04 2787.46 2828.03 2766.41 2680.49 2650.54 2610.10 2563.36 2513.10 2389.92 2296.56 2268.27 2235.81
3095.01 3062.16 3040.82 3034.34 3037.13 3056.06 3081.51 3161.98 3276.84 3357.97 3400.86 3366.32 3290.33 3252.19 3237.29 3224.35 3236.40 3259.79 3284.10 3356.32 3437.35 3488.04 3512.71 3513.05 3513.45 3505.20 3501.23 3491.11 3447.56 3380.50 3342.45 3366.06 3412.15 3484.88 3529.64 3497.80 3460.87 3459.57 3466.70 3453.25 3452.93 3501.11 3525.97 3464.18 3400.08 3389.39 3390.69 3391.36 3354.76 3231.26 3108.14 3006.17 2889.11 2820.49 2768.36 2738.99 2752.45 2719.78 2665.81 2651.00 2617.62 2547.08 2475.32 2363.80 2275.00 2236.09 2201.61
3027.60 3000.26 2983.34 2959.60 2951.61 3007.27 3064.77 3162.82 3296.84 3353.96 3371.15 3381.33 3348.38 3287.00 3248.14 3226.13 3230.42 3270.20 3309.39 3378.47 3452.42 3462.63 3450.04 3483.93 3515.40 3469.39 3430.29 3424.54 3386.73 3327.42 3296.32 3321.54 3370.36 3447.41 3495.14 3470.20 3439.68 3413.28 3395.28 3402.07 3428.10 3501.48 3544.55 3445.10 3338.48 3323.47 3327.68 3324.77 3288.75 3142.59 2995.05 2890.63 2770.28 2746.36 2741.02 2684.11 2670.11 2664.84 2639.32 2638.01 2614.13 2523.44 2432.20 2336.10 2259.78 2218.00 2184.73
3016.25 2993.47 2980.82 2999.55 3033.30 3047.69 3064.62 3155.32 3276.48 3358.28 3405.08 3376.14 3306.77 3243.16 3197.41 3220.72 3266.25 3286.42 3309.56 3348.45 3389.61 3424.08 3437.91 3440.56 3441.54 3394.54 3353.02 3333.37 3289.90 3266.64 3264.81 3282.52 3317.45 3367.32 3392.58 3347.97 3301.60 3306.74 3317.40 3317.26 3329.68 3343.48 3335.55 3322.80 3302.21 3239.50 3196.33 3170.74 3118.07 3028.47 2933.74 2844.92 2745.83 2706.60 2681.69 2640.75 2638.15 2646.02 2637.54 2622.32 2589.06 2497.61 2399.62 2329.74 2274.36 2257.20 2254.26
3028.85 3013.94 3007.81 3069.29 3143.75 3115.51 3091.16 3169.17 3265.83 3360.75 3432.17 3368.03 3270.28 3212.41 3163.40 3228.37 3307.14 3299.86 3303.80 3310.78 3314.51 3368.47 3406.52 3378.68 3350.48 3303.13 3257.84 3229.35 3194.92 3223.11 3257.65 3261.84 3269.41 3277.79 3272.16 3208.37 3151.44 3194.27 3236.55 3222.66 3206.85 3147.60 3085.20 3162.84 3230.49 3121.12 3030.85 2987.12 2927.73 2904.37 2866.27 2796.93 2728.93 2684.46 2644.58 2615.00 2613.59 2624.14 2627.32 2602.33 2570.22 2488.86 2389.21 2339.89 2292.63 2286.88 2307.42
3004.70 3007.23 3017.28 3083.50 3160.53 3149.60 3143.57 3178.22 3219.80 3305.49 3379.20 3338.79 3271.59 3255.67 3239.57 3272.01 3310.02 3308.97 3327.44 3309.82 3283.40 3306.17 3317.62 3316.48 3315.63 3287.71 3258.19 3230.78 3215.52 3224.91 3226.26 3237.34 3237.15 3186.70 3132.56 3086.35 3055.95 3104.75 3147.74 3127.31 3091.60 2996.69 2917.58 2962.80 2995.50 2920.68 2863.35 2830.82 2793.73 2801.85 2785.51 2706.91 2641.32 2611.63 2577.05 2570.30 2581.27 2577.99 2576.27 2588.85 2605.38 2550.29 2465.51 2403.69 2331.08 2291.25 2289.66
2956.08 2974.12 2999.56 3071.65 3153.41 3161.83 3174.85 3171.24 3169.41 3257.56 3338.85 3318.59 3274.22 3292.58 3305.91 3309.74 3315.58 3329.43 3366.56 3327.03 3275.96 3273.01 3260.40 3284.54 3307.60 3295.46 3279.55 3244.62 3230.73 3203.70 3163.87 3186.83 3189.75 3091.10 2992.71 2959.49 2946.75 2992.93 3032.89 3014.32 2977.18 2865.41 2779.11 2794.29 2795.10 2757.48 2734.23 2707.98 2682.34 2710.94 2710.99 2617.64 2543.16 2517.01 2482.42 2502.36 2534.67 2526.47 2523.56 2567.96 2621.29 2580.84 2505.74 2436.88 2350.71 2288.43 2269.62
2889.53 2913.74 2938.97 2994.06 3057.73 3100.00 3146.47 3165.29 3183.99 3265.21 3341.49 3328.58 3294.08 3288.79 3273.95 3281.55 3295.85 3319.87 3362.77 3348.06 3316.96 3318.71 3314.57 3288.87 3261.99 3247.94 3226.66 3203.06 3200.01 3157.40 3106.49 3137.33 3142.97 3053.60 2964.93 2910.49 2876.82 2894.99 2910.93 2893.76 2862.92 2762.08 2688.13 2717.98 2738.25 2727.87 2722.04 2689.74 2650.99 2656.49 2641.37 2552.44 2478.12 2466.26 2452.47 2434.73 2434.24 2427.16 2418.94 2473.43 2533.32 2506.80 2449.46 2396.85 2333.31 2271.26 2244.89
2811.48 2857.03 2888.43 2924.75 2967.53 3040.93 3119.29 3157.73 3191.53 3260.39 3328.87 3326.01 3308.11 3286.06 3246.25 3262.01 3294.39 3338.20 3391.22 3396.85 3375.96 3372.68 3372.73 3300.26 3230.01 3220.80 3197.89 3185.14 3190.44 3129.46 3066.17 3103.50 3108.97 3026.32 2946.99 2871.94 2816.99 2806.56 2798.32 2782.85 2758.42 2668.24 2605.73 2654.89 2706.43 2735.43 2752.58 2706.88 2638.86 2605.05 2567.22 2477.20 2391.15 2381.57 2382.69 2332.50 2311.68 2318.32 2310.46 2371.50 2430.30 2410.14 2367.15 2338.43 2314.26 2269.22 2243.08
2807.50 2870.52 2903.98 2948.96 2998.30 3056.22 3120.16 3149.47 3169.51 3217.12 3268.92 3305.23 3333.20 3322.91 3286.92 3313.19 3365.89 3390.97 3415.60 3419.93 3387.68 3348.29 3321.62 3281.35 3247.37 3255.47 3243.57 3208.59 3188.89 3142.56 3099.14 3092.64 3048.50 2978.20 2914.18 2808.76 2722.55 2708.33 2699.95 2686.97 2668.61 2577.58 2514.62 2555.77 2611.59 2699.80 2760.80 2704.23 2609.47 2524.28 2451.65 2388.19 2317.93 2262.71 2230.56 2197.51 2206.26 2242.27 2250.61 2301.25 2342.11 2317.35 2277.69 2260.61 2263.81 2235.48 2209.32
2829.58 2892.70 2919.17 2971.70 3027.60 3070.30 3119.51 3140.86 3150.75 3180.66 3216.79 3287.94 3353.77 3347.49 3311.88 3344.21 3407.36 3403.74 3395.22 3402.40 3368.38 3302.67 3253.95 3244.25 3242.79 3265.12 3264.62 3211.92 3173.20 3146.74 3125.43 3077.59 2989.68 2938.46 2894.97 2763.48 2650.79 2636.80 2630.20 2618.79 2603.49 2507.47 2439.67 2462.82 2506.35 2638.25 2736.25 2676.20 2571.01 2450.76 2350.78 2319.15 2275.93 2186.06 2124.97 2102.32 2127.29 2179.69 2198.53 2242.57 2273.48 2252.02 2219.30 2206.65 2221.48 2194.38 2161.82
2791.98 2873.76 2922.54 2970.01 3018.61 3051.58 3092.83 3098.09 3090.86 3139.01 3193.86 3245.83 3295.28 3327.29 3328.02 3331.37 3364.81 3370.40 3371.41 3366.53 3328.17 3298.82 3279.02 3240.97 3197.50 3174.84 3141.99 3100.42 3074.62 3058.15 3045.87 3006.85 2934.77 2846.73 2761.84 2658.48 2573.63 2559.42 2550.92 2537.51 2523.12 2461.58 2424.45 2462.64 2514.12 2580.16 2620.59 2558.84 2453.35 2367.68 2302.55 2270.81 2236.71 2187.38 2157.40 2097.53 2073.93 2132.57 2167.90 2209.16 2243.39 2243.69 2228.16 2213.48 2222.73 2194.23 2163.42
2786.29 2876.73 2942.13 2980.42 3014.90 3031.07 3059.44 3044.64 3015.05 3075.96 3144.85 3176.47 3212.10 3285.99 3324.88 3298.67 3300.94 3314.13 3323.56 3313.67 3287.39 3311.15 3328.32 3248.94 3133.84 3035.78 2955.25 2923.92 2912.38 2907.90 2905.67 2882.49 2842.37 2735.56 2622.07 2554.65 2504.81 2495.79 2488.03 2476.29 2469.51 2448.21 2442.61 2485.53 2526.05 2508.04 2482.77 2420.27 2316.88 2268.88 2241.63 2221.59 2219.03 2232.00 2242.96 2134.44 2036.51 2074.41 2111.24 2150.84 2196.89 2228.59 2234.81 2214.53 2210.23 2172.10 2138.66
2866.07 2938.35 2993.16 3013.26 3024.35 3025.15 3041.95 3059.30 3059.21 3049.07 3048.28 3102.43 3167.66 3220.15 3234.97 3212.32 3216.41 3219.97 3220.57 3240.47 3261.20 3296.20 3308.77 3213.93 3052.29 2910.27 2813.18 2766.82 2744.44 2717.81 2692.13 2687.53 2684.08 2635.94 2571.99 2528.58 2501.31 2496.18 2486.08 2467.39 2458.66 2457.05 2462.07 2493.71 2507.43 2451.01 2406.41 2332.98 2222.18 2182.29 2163.60 2140.57 2154.63 2217.79 2256.90 2194.45 2115.69 2102.37 2109.80 2108.43 2127.35 2166.39 2171.46 2165.28 2166.89 2139.70 2124.11
