5 Erosion Sim/105705609.asc
nrows 512
ncols 512
xllcenter 0.000000
yllcenter 0.000000
cellsize 5.000000
NODATA_value  -9999
[rows 330 to 362 of 512, columns 0 to 73 of 512]
14.09 13.91 13.56 13.40 13.44 13.76 14.25 14.30 14.08 13.87 13.42 12.63 11.99 11.64 11.25 10.78 10.15 9.49 8.98 9.11 9.33 8.63 7.92 7.71 7.39 8.00 9.03 8.69 7.64 6.09 3.90 1.77 0.30 -0.35 -0.68 -1.01 -1.39 -1.41 -1.32 -1.78 -2.39 -3.00 -3.79 -4.67 -5.51 -5.62 -5.94 -7.97 -9.94 -11.00 -12.26 -13.58 -15.11 -17.41 -19.80 -21.54 -23.31 -25.63 -27.84 -29.75 -31.58 -32.95 -34.06 -35.31 -36.29 -36.92 -37.47 -37.56 -37.41 -37.67 -37.84 -37.66 -37.38 -35.72
12.02 11.85 11.52 11.53 11.74 11.77 11.91 12.06 12.00 11.86 11.55 11.04 10.60 10.48 10.29 9.60 8.77 8.34 8.08 7.94 7.85 7.33 6.78 6.51 6.12 6.22 6.54 5.98 4.88 3.23 1.14 -0.83 -2.22 -2.89 -3.26 -3.19 -3.03 -2.94 -2.46 -2.04 -2.01 -2.51 -3.45 -4.52 -5.35 -5.45 -5.74 -7.22 -8.79 -9.86 -11.18 -12.73 -14.48 -16.55 -18.71 -20.91 -23.19 -25.64 -28.05 -29.96 -31.70 -33.06 -34.01 -35.27 -36.34 -37.10 -37.82 -38.06 -38.00 -38.01 -37.93 -37.71 -37.44 -36.34
9.98 9.80 9.50 9.68 10.07 9.83 9.68 10.00 10.13 10.03 9.79 9.48 9.21 9.33 9.36 8.47 7.45 7.25 7.24 6.82 6.44 6.14 5.77 5.49 5.05 4.73 4.52 3.91 2.82 1.00 -1.16 -3.11 -4.50 -5.17 -5.51 -4.96 -4.26 -4.21 -3.62 -2.62 -2.11 -2.43 -3.30 -4.36 -5.09 -5.23 -5.59 -6.60 -7.80 -8.88 -10.23 -11.96 -13.90 -15.75 -17.69 -20.37 -23.16 -25.68 -28.20 -30.03 -31.63 -33.04 -33.94 -35.34 -36.54 -37.40 -38.23 -38.55 -38.52 -38.28 -37.95 -37.71 -37.45 -36.91
7.71 7.51 7.24 7.34 7.64 7.71 7.88 8.26 8.45 8.77 8.95 8.34 7.77 7.98 8.26 7.81 7.10 6.87 6.69 6.10 5.67 5.46 5.16 4.80 4.25 3.80 3.35 2.57 1.40 -0.79 -3.20 -5.00 -6.25 -6.94 -7.25 -6.83 -6.23 -5.82 -4.97 -3.71 -2.83 -2.66 -2.82 -3.42 -3.95 -4.16 -4.78 -5.71 -6.76 -8.07 -9.67 -11.38 -13.31 -15.37 -17.39 -19.64 -22.15 -24.86 -27.65 -29.81 -31.67 -33.64 -35.15 -36.44 -37.41 -38.08 -38.66 -38.89 -38.80 -38.30 -37.74 -37.64 -37.56 -36.92
5.25 5.06 4.89 4.99 5.22 5.61 6.12 6.59 6.84 7.58 8.19 7.28 6.41 6.87 7.70 8.01 7.74 7.35 6.70 5.62 5.01 4.91 4.71 4.31 3.67 3.06 2.22 1.13 -0.17 -2.61 -5.07 -6.53 -7.55 -8.26 -8.52 -8.22 -7.76 -7.14 -6.31 -5.10 -4.01 -3.19 -2.19 -1.89 -2.04 -2.51 -3.75 -4.95 -5.99 -7.54 -9.40 -11.10 -13.01 -15.13 -16.92 -18.41 -20.48 -23.42 -26.61 -29.24 -31.40 -33.99 -36.28 -37.62 -38.43 -38.88 -39.18 -39.30 -39.13 -38.39 -37.62 -37.67 -37.77 -37.02
2.64 2.70 2.87 3.01 3.20 3.74 4.44 4.99 5.30 5.92 6.41 5.68 4.98 5.67 7.05 8.13 8.32 7.57 6.25 4.96 4.45 4.19 3.82 3.63 3.16 2.13 0.64 -1.03 -2.74 -4.71 -6.50 -7.64 -8.48 -9.08 -9.17 -8.86 -8.40 -7.95 -7.51 -6.81 -5.99 -4.31 -1.96 -0.61 -0.20 -0.90 -2.69 -4.64 -6.13 -7.66 -9.50 -11.21 -13.12 -15.00 -16.25 -17.24 -19.10 -22.21 -25.72 -28.80 -31.23 -33.98 -36.59 -38.31 -39.29 -39.42 -39.36 -39.22 -38.82 -38.50 -38.17 -38.10 -38.08 -37.41
0.18 0.45 0.88 0.96 1.07 1.74 2.58 3.18 3.53 4.02 4.39 3.83 3.30 4.08 5.69 7.22 7.73 6.76 5.09 3.89 3.60 3.19 2.66 2.69 2.43 1.10 -0.77 -2.77 -4.72 -6.22 -7.46 -8.41 -9.13 -9.64 -9.62 -9.37 -8.99 -8.64 -8.43 -8.06 -7.47 -5.26 -2.14 -0.31 0.34 -0.49 -2.57 -4.97 -6.78 -8.27 -10.09 -11.79 -13.68 -15.43 -16.43 -17.18 -18.95 -22.11 -25.75 -29.06 -31.65 -34.44 -37.16 -39.06 -40.13 -39.97 -39.59 -39.25 -38.67 -38.80 -38.92 -38.73 -38.59 -38.01
-1.63 -1.55 -1.31 -1.11 -0.88 -0.30 0.48 1.28 1.83 2.28 2.59 1.93 1.34 2.14 3.69 5.02 5.42 4.67 3.35 2.30 2.02 2.06 1.93 1.81 1.45 0.05 -1.87 -3.71 -5.53 -6.84 -7.90 -8.98 -9.85 -10.27 -10.23 -10.14 -9.87 -9.40 -9.03 -8.67 -8.11 -6.19 -3.51 -1.99 -1.51 -2.21 -4.02 -6.14 -7.81 -9.21 -10.90 -12.48 -14.29 -16.32 -17.78 -18.80 -20.64 -23.82 -27.39 -30.66 -33.30 -35.75 -38.07 -39.74 -40.63 -40.71 -40.54 -40.32 -39.92 -39.84 -39.80 -39.56 -39.31 -38.41
-3.17 -3.28 -3.27 -3.01 -2.74 -2.29 -1.61 -0.63 0.11 0.48 0.66 -0.16 -0.84 -0.12 1.16 2.09 2.30 1.90 1.23 0.61 0.48 0.91 1.07 0.71 0.21 -1.22 -3.11 -4.72 -6.35 -7.42 -8.21 -9.36 -10.37 -10.76 -10.83 -11.04 -10.98 -10.40 -9.85 -9.45 -8.95 -7.51 -5.62 -4.76 -4.63 -5.09 -6.33 -7.88 -9.28 -10.55 -12.02 -13.38 -15.04 -17.51 -19.81 -21.46 -23.54 -26.61 -29.85 -32.84 -35.39 -37.39 -39.16 -40.45 -41.11 -41.39 -41.34 -41.18 -40.95 -40.77 -40.71 -40.53 -40.21 -39.00
-5.11 -4.99 -4.81 -4.84 -4.85 -4.48 -3.84 -3.05 -2.46 -2.17 -2.14 -2.62 -2.92 -2.50 -1.72 -0.93 -0.68 -0.89 -1.07 -1.11 -0.95 -0.73 -0.86 -1.38 -1.92 -2.70 -3.86 -5.49 -7.19 -8.25 -9.01 -9.58 -10.08 -10.94 -11.64 -12.01 -12.02 -11.54 -11.02 -10.54 -10.04 -9.22 -8.25 -7.67 -7.52 -7.96 -8.85 -9.91 -11.10 -12.33 -13.65 -14.61 -15.93 -18.87 -22.04 -24.47 -26.90 -29.49 -32.03 -34.66 -37.05 -38.71 -40.04 -41.27 -42.00 -42.21 -42.02 -41.56 -41.16 -41.21 -41.47 -41.52 -41.28 -40.22
-6.90 -6.56 -6.21 -6.54 -6.87 -6.62 -6.06 -5.49 -5.06 -4.83 -4.89 -4.99 -4.87 -4.68 -4.20 -3.38 -2.99 -3.14 -3.14 -2.89 -2.58 -2.51 -2.84 -3.40 -3.92 -4.06 -4.54 -6.23 -8.00 -9.05 -9.80 -9.81 -9.80 -11.10 -12.33 -12.77 -12.81 -12.51 -12.14 -11.69 -11.26 -10.96 -10.64 -10.08 -9.80 -10.38 -11.25 -12.14 -13.27 -14.49 -15.74 -16.36 -17.37 -20.57 -24.17 -26.95 -29.54 -31.71 -33.71 -36.15 -38.44 -39.78 -40.77 -42.02 -42.88 -43.07 -42.85 -42.22 -41.71 -41.97 -42.45 -42.63 -42.42 -41.50
-7.85 -7.75 -7.75 -8.12 -8.46 -8.40 -8.05 -7.44 -6.86 -6.88 -7.15 -7.07 -6.80 -6.60 -6.17 -5.55 -5.28 -5.21 -4.96 -4.51 -4.03 -3.92 -4.17 -4.68 -5.16 -5.44 -6.02 -7.24 -8.57 -9.17 -9.53 -10.05 -10.56 -11.53 -12.43 -12.85 -12.98 -12.94 -12.91 -12.64 -12.36 -12.33 -12.31 -12.03 -11.99 -12.52 -13.24 -13.96 -14.94 -16.36 -17.79 -18.80 -20.17 -22.63 -25.49 -28.12 -30.52 -33.00 -35.32 -37.60 -39.69 -41.00 -41.99 -42.98 -43.63 -43.85 -43.76 -43.31 -42.96 -42.93 -43.05 -43.52 -43.58 -42.73
-8.29 -8.48 -8.96 -9.49 -9.88 -10.03 -9.99 -9.43 -8.75 -8.98 -9.38 -9.04 -8.59 -8.45 -8.24 -7.97 -7.89 -7.57 -6.99 -6.26 -5.58 -5.39 -5.53 -5.92 -6.33 -6.74 -7.35 -8.06 -8.93 -9.12 -9.17 -10.28 -11.34 -11.93 -12.36 -12.64 -12.80 -13.10 -13.53 -13.58 -13.51 -13.79 -14.13 -14.20 -14.44 -14.87 -15.29 -15.68 -16.45 -18.07 -19.66 -21.05 -22.77 -24.49 -26.66 -29.18 -31.42 -34.22 -36.93 -39.12 -41.05 -42.33 -43.30 -44.02 -44.46 -44.75 -44.84 -44.63 -44.45 -44.06 -43.71 -44.37 -44.66 -43.84
-8.81 -9.15 -9.94 -10.65 -11.09 -11.59 -11.99 -11.84 -11.43 -11.37 -11.40 -10.99 -10.53 -10.33 -10.20 -10.26 -10.34 -9.88 -9.09 -8.31 -7.64 -7.30 -7.23 -7.36 -7.54 -7.75 -8.12 -8.35 -8.81 -9.53 -10.20 -11.11 -11.94 -12.07 -11.98 -12.40 -12.88 -13.41 -14.20 -14.78 -15.15 -15.56 -16.07 -16.57 -17.17 -17.49 -17.61 -18.04 -18.96 -20.36 -21.71 -23.01 -24.62 -26.13 -28.13 -31.16 -33.84 -36.20 -38.55 -40.47 -42.05 -43.39 -44.42 -44.87 -45.08 -45.52 -45.86 -45.92 -45.95 -45.66 -45.31 -45.57 -45.49 -44.59
-10.08 -10.50 -11.45 -12.15 -12.53 -13.28 -13.98 -14.10 -13.90 -13.60 -13.34 -12.92 -12.50 -12.17 -11.97 -12.20 -12.38 -11.81 -10.87 -10.10 -9.47 -9.00 -8.76 -8.66 -8.63 -8.69 -8.87 -8.72 -8.82 -10.07 -11.31 -11.97 -12.53 -12.27 -11.77 -12.47 -13.34 -14.04 -15.07 -16.09 -16.84 -17.37 -18.02 -18.89 -19.82 -20.11 -20.10 -20.73 -21.87 -23.05 -24.14 -25.34 -26.84 -28.11 -29.87 -33.34 -36.43 -38.32 -40.23 -41.82 -43.04 -44.44 -45.57 -45.77 -45.77 -46.30 -46.78 -46.99 -47.12 -46.92 -46.61 -46.50 -46.09 -45.11
-12.50 -12.80 -13.53 -14.25 -14.73 -15.33 -15.90 -16.05 -15.84 -15.51 -15.19 -14.74 -14.28 -14.07 -13.97 -13.88 -13.75 -13.35 -12.59 -11.72 -10.96 -10.12 -9.49 -9.52 -9.66 -9.47 -9.43 -9.27 -9.33 -10.62 -11.91 -12.52 -13.06 -13.01 -12.81 -13.31 -13.97 -14.95 -16.23 -17.34 -18.25 -18.98 -19.72 -20.58 -21.56 -22.22 -22.69 -23.53 -24.70 -25.90 -26.98 -28.00 -29.29 -30.88 -32.92 -35.71 -38.15 -39.90 -41.62 -43.18 -44.45 -45.47 -46.25 -46.80 -47.16 -47.45 -47.67 -47.78 -47.80 -47.60 -47.28 -46.94 -46.30 -45.32
-15.55 -15.62 -15.91 -16.43 -16.91 -17.36 -17.86 -18.09 -17.91 -17.52 -17.10 -16.56 -16.07 -15.96 -15.93 -15.49 -15.04 -14.84 -14.36 -13.49 -12.65 -11.46 -10.40 -10.53 -10.80 -10.40 -10.23 -10.13 -10.15 -11.45 -12.77 -13.31 -13.82 -14.01 -14.16 -14.50 -14.98 -16.15 -17.56 -18.64 -19.65 -20.47 -21.06 -21.64 -22.53 -23.65 -24.88 -26.22 -27.55 -28.77 -29.89 -30.77 -31.88 -33.80 -36.05 -38.10 -39.85 -41.42 -42.82 -44.24 -45.55 -46.25 -46.81 -47.81 -48.55 -48.61 -48.57 -48.57 -48.45 -48.22 -47.85 -47.23 -46.36 -45.37
-18.28 -18.38 -18.48 -18.53 -18.73 -19.22 -19.84 -20.22 -20.14 -19.66 -19.11 -18.52 -18.02 -17.79 -17.59 -17.04 -16.51 -16.27 -15.83 -15.04 -14.23 -13.26 -12.33 -12.12 -12.09 -11.67 -11.55 -11.86 -12.20 -12.91 -13.66 -14.11 -14.57 -14.93 -15.35 -15.89 -16.53 -17.65 -18.93 -20.01 -21.13 -21.94 -22.26 -22.55 -23.32 -24.39 -25.88 -28.19 -30.14 -31.25 -32.26 -33.40 -34.74 -36.32 -38.10 -40.03 -41.73 -43.02 -44.04 -45.04 -46.11 -46.88 -47.57 -48.39 -48.87 -49.30 -49.61 -49.46 -49.17 -48.87 -48.42 -47.64 -46.65 -45.44
-20.53 -20.75 -20.86 -20.62 -20.63 -21.12 -21.78 -22.23 -22.21 -21.67 -21.02 -20.44 -19.97 -19.62 -19.29 -18.67 -18.07 -17.77 -17.32 -16.57 -15.76 -15.06 -14.35 -13.89 -13.60 -13.13 -12.96 -13.59 -14.21 -14.32 -14.49 -14.85 -15.26 -15.75 -16.36 -17.01 -17.76 -18.86 -20.09 -21.24 -22.51 -23.37 -23.59 -23.76 -24.47 -25.32 -26.72 -29.63 -32.05 -33.04 -33.95 -35.35 -36.94 -38.23 -39.66 -41.58 -43.27 -44.37 -45.18 -45.95 -46.87 -47.70 -48.48 -49.06 -49.25 -50.05 -50.70 -50.39 -49.93 -49.56 -49.05 -48.12 -47.03 -45.63
-22.89 -23.00 -23.02 -22.85 -22.87 -23.20 -23.66 -24.02 -23.95 -23.39 -22.72 -22.22 -21.83 -21.33 -20.83 -20.43 -20.04 -19.60 -18.98 -17.94 -16.90 -16.53 -16.23 -15.62 -15.08 -14.43 -14.01 -14.66 -15.32 -15.35 -15.47 -15.63 -15.87 -16.28 -16.81 -17.65 -18.63 -19.68 -20.90 -22.23 -23.68 -24.70 -25.08 -25.33 -26.03 -27.15 -28.71 -31.05 -33.02 -34.02 -34.98 -36.40 -37.98 -39.41 -40.99 -42.83 -44.37 -45.52 -46.46 -47.14 -47.96 -49.08 -50.10 -50.65 -50.85 -51.30 -51.60 -51.32 -50.82 -50.22 -49.47 -48.58 -47.55 -46.13
-25.08 -25.12 -25.17 -25.19 -25.28 -25.42 -25.62 -25.79 -25.65 -25.06 -24.37 -23.97 -23.66 -23.00 -22.35 -22.16 -21.98 -21.35 -20.45 -19.00 -17.68 -17.73 -18.00 -17.44 -16.73 -15.87 -15.16 -15.77 -16.45 -16.44 -16.54 -16.52 -16.59 -16.90 -17.30 -18.27 -19.44 -20.44 -21.64 -23.14 -24.75 -25.94 -26.56 -26.98 -27.72 -28.99 -30.45 -31.99 -33.40 -34.43 -35.52 -37.05 -38.64 -40.25 -42.04 -43.87 -45.31 -46.56 -47.75 -48.44 -49.19 -50.55 -51.67 -52.06 -52.21 -52.35 -52.40 -52.24 -51.77 -50.95 -49.98 -49.13 -48.17 -46.79
-26.70 -26.86 -27.11 -27.25 -27.33 -27.43 -27.51 -27.60 -27.46 -26.77 -25.98 -25.65 -25.41 -24.78 -24.15 -23.82 -23.50 -22.77 -21.68 -20.26 -19.09 -19.11 -19.53 -19.44 -19.00 -18.26 -17.57 -17.59 -17.74 -17.27 -16.93 -17.34 -17.86 -18.05 -18.30 -19.13 -20.20 -21.10 -22.23 -23.88 -25.62 -26.93 -27.77 -28.42 -29.26 -30.14 -30.99 -31.90 -32.93 -34.49 -36.20 -37.77 -39.32 -41.10 -43.11 -44.94 -46.30 -47.45 -48.67 -49.50 -50.31 -51.37 -52.06 -52.55 -52.90 -53.09 -53.25 -53.02 -52.38 -51.64 -50.74 -49.63 -48.45 -47.26
-28.33 -28.55 -28.91 -29.08 -29.14 -29.24 -29.30 -29.40 -29.31 -28.51 -27.60 -27.35 -27.17 -26.57 -25.96 -25.50 -25.04 -24.28 -23.10 -21.81 -20.82 -20.72 -21.09 -21.28 -21.05 -20.47 -19.91 -19.44 -19.14 -18.25 -17.50 -18.35 -19.33 -19.41 -19.54 -20.26 -21.24 -21.98 -22.99 -24.71 -26.52 -27.86 -28.76 -29.52 -30.41 -31.03 -31.49 -32.02 -32.79 -34.83 -37.06 -38.57 -40.03 -41.94 -44.10 -45.89 -47.16 -48.19 -49.35 -50.20 -51.01 -51.81 -52.18 -52.88 -53.49 -53.69 -53.90 -53.55 -52.75 -52.12 -51.34 -50.02 -48.65 -47.63
-30.42 -30.44 -30.59 -30.95 -31.22 -31.24 -31.19 -31.12 -30.88 -30.08 -29.21 -29.04 -28.90 -28.32 -27.70 -27.08 -26.51 -25.85 -24.88 -23.79 -22.92 -22.62 -22.70 -22.76 -22.46 -21.60 -20.70 -20.43 -20.38 -19.86 -19.53 -20.12 -20.77 -20.85 -20.95 -21.55 -22.44 -23.12 -24.00 -25.38 -26.92 -28.37 -29.53 -30.73 -31.94 -32.71 -33.35 -33.87 -34.59 -36.39 -38.33 -39.75 -41.17 -42.91 -44.85 -46.45 -47.62 -48.61 -49.74 -50.91 -52.00 -52.71 -53.03 -53.54 -53.96 -54.11 -54.25 -53.99 -53.32 -52.59 -51.72 -50.27 -48.75 -47.86
-32.51 -32.31 -32.21 -32.74 -33.20 -33.11 -32.91 -32.62 -32.21 -31.44 -30.68 -30.64 -30.57 -29.95 -29.26 -28.42 -27.69 -27.25 -26.68 -26.02 -25.40 -24.86 -24.54 -24.34 -23.93 -22.76 -21.44 -21.28 -21.45 -21.37 -21.61 -22.09 -22.47 -22.52 -22.54 -22.99 -23.77 -24.33 -24.93 -25.82 -27.00 -28.69 -30.40 -32.34 -34.01 -35.00 -35.90 -36.47 -37.18 -38.68 -40.21 -41.42 -42.69 -44.16 -45.69 -46.95 -47.93 -48.89 -50.02 -51.53 -52.86 -53.43 -53.69 -54.04 -54.28 -54.36 -54.37 -54.16 -53.62 -52.84 -51.92 -50.38 -48.75 -48.00
-34.22 -33.92 -33.67 -34.28 -34.82 -34.67 -34.36 -34.01 -33.57 -32.94 -32.37 -32.28 -32.06 -31.19 -30.19 -29.21 -28.41 -28.13 -27.93 -27.86 -27.68 -27.16 -26.69 -26.09 -25.43 -24.61 -23.52 -22.86 -22.63 -22.74 -23.29 -23.93 -24.33 -24.32 -24.24 -24.65 -25.44 -25.94 -26.32 -27.07 -28.23 -30.06 -32.23 -34.46 -36.16 -37.23 -38.25 -38.85 -39.50 -40.94 -42.30 -43.22 -44.28 -45.17 -46.00 -47.28 -48.46 -49.48 -50.69 -52.03 -53.08 -53.54 -53.80 -54.11 -54.31 -54.19 -53.95 -53.80 -53.41 -52.71 -51.88 -50.69 -49.37 -48.01
-35.79 -35.38 -35.01 -35.71 -36.35 -36.14 -35.76 -35.38 -34.94 -34.40 -33.94 -33.70 -33.30 -32.20 -30.95 -29.88 -29.05 -28.85 -28.86 -29.24 -29.45 -29.06 -28.63 -27.83 -27.03 -26.63 -25.90 -24.87 -24.31 -24.56 -25.30 -25.97 -26.33 -26.28 -26.16 -26.58 -27.41 -27.91 -28.21 -28.95 -30.15 -31.98 -34.32 -36.56 -38.18 -39.32 -40.41 -40.99 -41.55 -42.97 -44.22 -44.93 -45.81 -46.16 -46.40 -47.83 -49.26 -50.30 -51.50 -52.55 -53.25 -53.55 -53.69 -53.88 -54.01 -53.71 -53.32 -53.31 -53.11 -52.50 -51.78 -50.94 -49.95 -48.00
-37.48 -37.16 -36.84 -37.17 -37.49 -37.34 -37.06 -36.64 -36.12 -35.60 -35.11 -34.49 -33.72 -33.05 -32.28 -31.29 -30.54 -30.30 -30.25 -30.33 -30.33 -30.12 -29.83 -29.13 -28.43 -27.97 -27.31 -26.67 -26.34 -26.78 -27.61 -28.22 -28.57 -28.45 -28.30 -28.84 -29.73 -30.28 -30.67 -31.37 -32.47 -34.09 -36.16 -38.20 -39.73 -40.99 -42.16 -42.83 -43.51 -44.70 -45.69 -46.31 -47.06 -47.61 -48.14 -49.28 -50.39 -51.04 -51.73 -52.74 -53.43 -53.47 -53.37 -53.00 -52.69 -52.87 -53.01 -53.01 -52.82 -52.29 -51.62 -50.79 -49.82 -48.46
-39.15 -38.88 -38.50 -38.38 -38.33 -38.28 -38.16 -37.78 -37.23 -36.69 -36.13 -35.08 -33.93 -33.73 -33.51 -32.67 -32.04 -31.71 -31.46 -31.13 -30.87 -30.81 -30.62 -29.96 -29.34 -28.98 -28.72 -28.79 -28.86 -29.41 -30.18 -30.57 -30.84 -30.69 -30.64 -31.42 -32.41 -33.05 -33.61 -34.34 -35.36 -36.67 -38.26 -39.86 -41.17 -42.50 -43.63 -44.29 -45.02 -45.99 -46.79 -47.38 -48.03 -48.86 -49.83 -50.85 -51.72 -51.94 -52.04 -52.96 -53.61 -53.40 -53.01 -52.03 -51.25 -51.93 -52.65 -52.71 -52.54 -52.06 -51.40 -50.54 -49.57 -48.84
-40.21 -40.16 -39.87 -39.44 -39.18 -39.17 -39.17 -38.94 -38.47 -37.31 -36.07 -35.67 -35.23 -34.57 -33.95 -33.47 -33.15 -32.59 -32.01 -31.79 -31.78 -31.70 -31.44 -31.01 -30.66 -30.64 -31.04 -31.82 -32.27 -32.53 -32.82 -32.93 -33.08 -33.19 -33.52 -34.29 -35.14 -35.84 -36.53 -37.29 -38.25 -39.33 -40.51 -41.09 -41.60 -43.38 -44.87 -45.38 -46.03 -46.78 -47.37 -48.00 -48.63 -48.86 -49.41 -51.21 -52.72 -53.02 -53.08 -53.55 -53.82 -53.33 -52.59 -51.62 -50.96 -51.54 -52.24 -51.76 -51.03 -51.26 -51.25 -50.44 -49.57 -48.36
-41.10 -41.31 -41.23 -40.59 -40.17 -40.17 -40.22 -40.06 -39.65 -37.90 -36.04 -36.37 -36.69 -35.55 -34.50 -34.32 -34.30 -33.57 -32.79 -32.79 -33.09 -33.00 -32.71 -32.56 -32.51 -32.71 -33.46 -34.64 -35.33 -35.38 -35.37 -35.38 -35.47 -35.79 -36.37 -36.99 -37.60 -38.30 -39.02 -39.71 -40.55 -41.49 -42.44 -42.16 -41.92 -44.15 -46.05 -46.46 -47.08 -47.59 -47.95 -48.59 -49.22 -48.82 -48.82 -51.26 -53.35 -53.78 -53.93 -54.10 -54.12 -53.43 -52.50 -51.64 -51.15 -51.61 -52.23 -51.15 -49.81 -50.74 -51.42 -50.71 -49.96 -48.22
-42.68 -42.69 -42.45 -41.77 -41.25 -41.32 -41.38 -40.88 -40.18 -39.02 -37.79 -37.81 -37.78 -36.86 -36.03 -35.53 -35.20 -34.84 -34.48 -34.44 -34.70 -34.75 -34.65 -34.70 -34.82 -35.03 -35.66 -36.82 -37.58 -37.69 -37.75 -37.84 -37.92 -37.99 -38.30 -39.05 -39.82 -40.41 -41.02 -41.56 -42.24 -43.11 -43.97 -44.19 -44.48 -45.93 -47.16 -47.68 -48.32 -48.66 -48.85 -49.67 -50.47 -50.49 -50.82 -52.45 -53.83 -54.17 -54.25 -54.40 -54.38 -53.69 -52.78 -52.00 -51.53 -51.81 -52.23 -51.96 -51.48 -51.81 -51.93 -51.12 -50.26 -49.31
-44.22 -44.08 -43.78 -43.14 -42.56 -42.63 -42.57 -41.59 -40.55 -40.02 -39.50 -39.29 -38.97 -38.28 -37.68 -36.86 -36.22 -36.26 -36.35 -36.32 -36.56 -36.78 -36.95 -37.30 -37.62 -37.73 -37.98 -38.85 -39.54 -39.73 -39.97 -40.22 -40.34 -40.16 -40.13 -40.99 -41.92 -42.43 -42.96 -43.39 -43.91 -44.68 -45.36 -46.00 -46.79 -47.55 -48.30 -49.13 -49.89 -50.07 -50.08 -51.05 -51.98 -52.29 -52.76 -53.38 -53.95 -54.22 -54.34 -54.57 -54.63 -54.07 -53.38 -52.82 -52.43 -52.50 -52.58 -52.97 -53.26 -52.95 -52.49 -51.58 -50.63 -50.35
