5 Erosion Sim/105705609.asc
nrows 512
ncols 512
xllcenter 0.000000
yllcenter 0.000000
cellsize 5.000000
NODATA_value  -9999
[rows 198 to 230 of 512, columns 370 to 443 of 512]
-3.15 -1.38 0.34 2.01 3.53 3.82 4.24 5.62 7.06 8.65 10.02 11.17 12.36 12.98 13.27 13.62 13.84 13.98 14.34 14.76 14.87 14.76 14.29 13.43 12.34 11.01 9.52 8.33 7.35 6.32 5.71 5.48 5.15 4.69 4.37 4.23 4.38 4.98 5.21 4.19 2.81 1.89 1.29 0.90 0.70 0.65 0.72 1.00 1.43 1.78 2.29 3.18 4.18 5.04 5.62 5.93 6.13 7.09 8.12 7.80 7.56 8.23 8.78 8.69 8.44 8.67 8.89 8.71 8.67 8.84 8.92 8.97 9.11 9.54
-2.78 -0.85 0.85 2.53 3.91 4.43 5.27 6.71 8.30 10.07 11.52 12.99 14.59 15.50 15.94 16.10 15.97 15.91 16.29 16.82 17.07 17.18 16.83 15.75 14.43 13.07 11.47 9.98 8.76 7.87 7.46 6.89 6.16 5.60 5.25 5.18 5.18 5.22 5.04 4.23 3.23 2.51 1.94 1.42 1.04 1.04 1.26 1.24 1.48 2.11 2.83 3.63 4.43 5.19 5.72 5.91 5.97 6.58 7.20 7.18 7.33 7.83 8.22 8.02 7.68 7.80 7.95 8.13 8.38 8.39 8.30 8.31 8.32 8.44
-2.45 -0.57 1.01 2.80 4.22 5.16 6.49 7.97 9.63 11.50 13.00 14.75 16.66 17.76 18.29 18.35 18.01 17.90 18.32 18.84 19.10 19.33 19.06 17.76 16.22 14.85 13.21 11.51 10.12 9.41 9.19 8.31 7.23 6.60 6.23 6.23 6.22 5.85 5.32 4.66 3.86 3.20 2.61 2.00 1.51 1.64 2.03 1.68 1.62 2.42 3.27 3.99 4.66 5.36 5.89 5.96 5.89 6.20 6.49 6.84 7.41 7.74 7.96 7.63 7.19 7.14 7.15 7.62 8.14 7.97 7.71 7.73 7.69 7.59
-2.84 -0.83 1.00 2.78 4.29 5.84 7.70 9.28 10.96 12.94 14.58 16.57 18.63 19.53 19.88 19.98 19.75 19.67 20.01 20.52 20.75 20.72 20.20 19.19 18.00 16.50 14.71 12.93 11.39 10.37 9.91 9.66 9.24 8.22 7.40 7.35 7.35 7.19 6.82 5.89 4.79 4.11 3.58 2.84 2.21 2.07 2.18 2.19 2.45 2.99 3.57 4.18 4.75 5.45 5.98 5.90 5.69 5.77 5.85 6.72 7.80 7.56 7.20 7.12 6.91 6.95 7.06 7.14 7.28 7.25 7.15 7.18 7.19 7.46
-3.18 -1.24 0.75 2.61 4.39 6.72 9.19 10.79 12.36 14.31 16.01 18.17 20.25 20.83 20.92 21.14 21.18 21.27 21.56 21.96 22.11 21.75 20.97 20.31 19.56 18.07 16.24 14.38 12.59 11.15 10.39 10.82 11.14 9.80 8.55 8.48 8.61 8.80 8.65 7.42 5.93 5.18 4.75 3.96 3.27 2.92 2.76 3.11 3.61 3.77 3.96 4.36 4.76 5.40 5.92 5.68 5.34 5.22 5.13 6.55 8.21 7.41 6.48 6.63 6.60 6.67 6.85 6.51 6.21 6.27 6.31 6.38 6.45 7.13
-2.75 -1.21 0.60 2.86 5.23 7.76 10.24 12.16 13.90 15.75 17.45 19.28 20.90 21.86 22.43 22.54 22.60 22.90 23.17 23.63 23.83 23.05 21.89 21.10 20.36 19.21 17.67 15.83 13.90 12.23 11.32 11.52 11.67 10.70 9.70 9.59 9.81 10.03 9.77 8.98 7.89 6.42 5.43 5.00 4.64 4.55 4.58 4.55 4.55 4.71 4.87 4.84 4.85 5.11 5.33 5.29 5.18 4.98 4.83 5.67 6.74 6.75 6.58 6.46 6.10 5.91 5.85 6.26 6.68 6.05 5.45 5.58 5.76 6.34
-2.00 -0.68 1.05 3.61 6.38 8.90 11.30 13.57 15.59 17.44 19.17 20.71 21.97 23.41 24.50 24.41 24.27 24.56 24.68 25.18 25.44 24.21 22.68 21.75 20.96 20.10 18.86 17.14 15.24 13.49 12.52 12.44 12.33 11.62 10.83 10.59 10.76 10.86 10.44 10.17 9.63 7.61 6.19 6.15 6.15 6.34 6.57 6.16 5.66 5.79 5.88 5.38 4.96 4.80 4.70 4.88 5.01 4.75 4.56 4.83 5.32 6.13 6.73 6.35 5.70 5.26 4.97 6.13 7.29 6.00 4.76 4.95 5.23 5.72
-0.78 0.48 2.19 4.80 7.59 10.57 13.46 15.59 17.46 19.43 21.24 22.81 24.07 25.27 26.14 26.20 26.12 26.34 26.35 26.18 25.81 24.72 23.41 22.43 21.61 21.16 20.42 18.47 16.40 14.97 14.17 14.07 13.95 13.18 12.26 12.00 12.06 11.75 11.04 10.34 9.50 8.22 7.53 7.55 7.58 7.78 7.91 7.75 7.40 6.94 6.38 5.62 4.96 5.19 5.62 5.04 4.47 4.41 4.44 4.87 5.49 5.94 6.17 5.93 5.43 5.03 4.74 5.52 6.33 5.41 4.56 4.61 4.77 5.26
0.87 2.01 3.66 6.24 8.94 12.27 15.59 17.57 19.37 21.52 23.40 24.97 26.16 27.06 27.67 27.89 27.89 28.04 27.97 27.17 26.19 25.28 24.21 23.12 22.12 21.93 21.61 19.49 17.40 16.46 15.90 15.83 15.79 15.06 14.08 13.72 13.46 12.54 11.45 10.35 9.28 8.78 8.83 8.88 8.93 9.12 9.16 9.27 9.14 8.19 7.04 6.05 5.12 5.71 6.65 5.32 4.03 4.16 4.40 4.96 5.64 5.65 5.48 5.41 5.15 4.86 4.61 5.04 5.53 5.01 4.55 4.44 4.42 4.85
1.95 3.29 5.21 8.16 11.15 13.74 16.39 18.92 21.33 23.58 25.47 27.19 28.45 29.13 29.57 29.79 29.72 29.58 29.21 28.54 27.71 26.84 25.85 24.31 22.76 22.03 21.31 19.75 18.39 17.80 17.39 17.25 17.23 16.97 16.35 15.58 14.70 13.18 11.73 10.72 9.87 9.65 9.95 10.10 10.25 10.60 10.74 10.53 10.07 9.24 8.13 6.87 5.62 5.50 5.86 4.87 3.94 4.04 4.25 4.68 5.15 5.25 5.22 5.37 5.39 4.94 4.44 4.67 5.01 4.63 4.29 4.19 4.14 4.50
2.95 4.51 6.68 9.99 13.29 15.18 17.16 20.15 23.06 25.30 27.14 29.02 30.42 30.92 31.22 31.46 31.39 31.03 30.46 30.00 29.38 28.60 27.71 25.78 23.78 22.58 21.47 20.33 19.46 19.01 18.65 18.41 18.33 18.47 18.20 17.14 15.87 14.01 12.31 11.34 10.58 10.50 10.91 11.07 11.22 11.67 11.87 11.35 10.57 9.91 8.95 7.54 6.14 5.45 5.30 4.63 4.05 4.09 4.25 4.53 4.83 5.06 5.17 5.51 5.76 5.08 4.33 4.37 4.53 4.27 4.05 3.95 3.91 4.21
4.56 6.19 8.36 11.22 14.07 16.18 18.42 21.41 24.31 26.54 28.38 30.19 31.53 32.18 32.59 32.95 33.00 32.44 31.65 31.03 30.24 29.61 28.85 27.39 25.87 24.35 22.90 21.69 20.72 20.21 19.79 19.50 19.34 19.16 18.59 17.53 16.28 14.91 13.70 12.40 11.34 11.14 11.37 11.55 11.72 12.03 12.11 11.83 11.26 10.30 9.09 8.03 7.02 6.24 5.90 5.23 4.61 4.53 4.59 4.98 5.41 5.48 5.43 5.54 5.55 5.11 4.61 4.40 4.31 4.22 4.21 3.98 3.83 4.12
6.24 8.04 10.22 12.57 14.84 17.09 19.53 22.48 25.33 27.52 29.36 31.13 32.47 33.31 33.87 34.35 34.51 33.74 32.75 31.97 31.05 30.58 29.97 29.00 28.00 26.18 24.44 23.17 22.08 21.46 20.97 20.61 20.31 19.74 18.82 17.73 16.50 15.63 14.93 13.34 12.06 11.79 11.81 11.93 12.05 12.16 12.10 12.03 11.65 10.39 9.02 8.49 8.11 7.43 7.00 6.30 5.58 5.30 5.24 5.77 6.35 6.29 6.07 5.94 5.67 5.43 5.13 4.63 4.22 4.27 4.43 4.09 3.85 4.16
7.57 9.59 11.83 14.29 16.65 18.50 20.59 23.50 26.31 28.76 30.92 32.28 33.26 34.18 34.77 35.25 35.41 34.90 34.18 33.28 32.25 31.57 30.75 29.64 28.54 27.07 25.66 24.56 23.55 22.81 22.22 21.73 21.25 20.69 19.80 18.51 17.11 16.03 15.12 13.90 13.02 12.67 12.47 12.55 12.63 12.38 12.04 11.83 11.31 10.25 9.21 8.81 8.64 8.38 8.13 7.44 6.67 6.27 6.17 6.53 6.96 7.06 6.97 7.15 7.16 6.37 5.51 5.02 4.61 4.29 4.15 4.17 4.31 4.47
9.11 11.19 13.40 15.98 18.43 19.89 21.64 24.49 27.28 30.02 32.50 33.42 33.99 34.96 35.57 36.04 36.21 35.97 35.52 34.50 33.35 32.47 31.43 30.19 28.98 27.86 26.81 25.90 25.06 24.25 23.58 23.00 22.36 21.83 20.99 19.48 17.88 16.56 15.45 14.54 13.94 13.38 12.88 12.90 12.95 12.34 11.72 11.41 10.88 10.16 9.56 9.27 9.23 9.29 9.17 8.53 7.77 7.33 7.21 7.39 7.66 7.89 7.91 8.42 8.70 7.36 5.94 5.47 5.07 4.40 3.96 4.31 4.75 4.69
11.37 13.25 15.21 17.38 19.44 21.05 22.95 25.79 28.74 31.60 34.10 34.96 35.34 36.14 36.69 36.98 36.97 36.75 36.33 35.48 34.49 33.72 32.83 31.71 30.65 29.40 28.19 27.34 26.55 25.98 25.49 24.69 23.73 22.93 21.87 20.32 18.87 17.82 16.86 15.77 14.75 14.00 13.45 12.84 12.28 11.70 11.18 11.00 10.90 10.75 10.60 10.70 10.90 10.65 10.23 9.79 9.24 8.65 8.40 8.50 8.67 8.88 8.92 9.07 8.96 7.82 6.61 5.85 5.18 4.52 4.13 4.24 4.38 4.58
13.57 15.29 17.02 18.81 20.53 22.33 24.39 27.33 30.72 33.99 36.62 37.27 37.15 37.47 37.83 37.94 37.76 37.59 37.19 36.50 35.58 34.86 34.09 33.10 32.25 30.90 29.55 28.77 28.10 27.80 27.51 26.43 25.01 23.80 22.47 21.07 20.15 19.76 19.12 17.70 15.91 14.65 13.91 12.71 11.56 11.03 10.63 10.73 11.40 12.15 12.57 12.90 13.04 12.21 11.34 11.10 10.74 9.99 9.60 9.60 9.60 9.74 9.76 9.55 9.04 8.12 7.12 6.08 5.18 4.56 4.22 4.10 3.92 4.36
15.06 16.84 18.56 20.28 21.97 23.70 25.64 28.61 32.35 35.86 38.44 39.26 39.04 38.65 38.59 38.81 38.76 38.84 38.69 37.67 36.34 35.49 34.66 33.95 33.43 32.10 30.73 30.04 29.50 29.27 28.96 27.88 26.31 24.50 22.73 21.74 21.62 21.79 21.36 19.65 17.15 14.95 13.63 12.54 11.51 10.84 10.34 10.87 12.40 13.91 14.74 14.89 14.56 13.56 12.70 12.16 11.50 10.96 10.79 10.58 10.31 10.32 10.27 9.92 9.24 8.24 7.18 6.18 5.34 4.65 4.24 4.06 3.74 3.68
16.63 18.45 20.17 21.81 23.45 25.06 26.86 29.71 33.48 36.89 39.25 40.33 40.27 39.43 39.08 39.41 39.48 39.79 39.89 38.57 36.92 36.01 35.17 34.69 34.45 33.07 31.62 30.99 30.50 30.27 29.92 28.91 27.35 25.14 23.04 22.35 22.70 23.08 22.70 20.87 18.07 15.39 13.72 12.83 11.99 11.23 10.65 11.40 13.36 15.13 16.08 16.04 15.39 14.39 13.62 12.79 11.84 11.51 11.56 11.16 10.68 10.62 10.52 10.05 9.23 8.20 7.11 6.17 5.42 4.65 4.18 3.95 3.57 3.08
18.65 20.44 22.15 23.52 24.86 26.45 28.20 30.71 34.15 37.60 40.00 40.83 40.53 39.93 39.87 39.94 39.77 39.88 39.75 38.80 37.57 36.64 35.71 35.17 34.79 33.46 32.12 31.61 31.23 30.72 30.10 29.03 27.46 25.58 23.79 23.12 23.42 23.69 23.28 21.49 18.82 16.25 14.59 13.69 12.82 12.37 12.09 12.33 13.64 15.14 15.95 15.81 15.13 14.13 13.32 12.71 12.01 11.45 11.21 11.03 10.76 10.62 10.43 10.06 9.35 8.11 6.82 5.85 5.07 4.69 4.57 4.50 4.34 3.68
20.71 22.31 23.95 25.04 26.11 27.68 29.41 31.59 34.71 38.19 40.63 41.18 40.63 40.25 40.47 40.29 39.90 39.82 39.49 38.95 38.26 37.42 36.46 35.79 35.12 33.69 32.37 31.96 31.63 30.79 29.87 28.79 27.35 25.95 24.56 23.89 24.01 24.03 23.51 21.85 19.51 17.25 15.67 14.72 13.77 13.58 13.58 13.17 13.54 14.47 14.96 14.75 14.12 13.23 12.41 12.06 11.68 10.95 10.43 10.42 10.37 10.14 9.87 9.61 9.05 7.66 6.23 5.30 4.57 4.64 4.90 5.05 5.25 4.56
23.14 24.04 25.10 26.19 27.29 28.69 30.23 32.73 36.17 39.22 41.23 41.59 40.86 40.28 40.36 40.35 40.15 40.10 39.77 39.33 38.88 38.26 37.40 36.53 35.51 34.23 33.21 32.49 31.78 30.76 29.71 28.75 27.60 26.53 25.39 24.55 24.30 24.07 23.44 22.06 20.19 18.35 16.96 15.97 14.95 14.19 13.68 13.27 13.34 13.63 13.74 13.52 13.00 12.31 11.61 11.15 10.73 10.15 9.68 9.61 9.54 9.13 8.68 8.49 8.07 6.77 5.45 4.72 4.20 4.08 4.07 4.20 4.52 4.94
25.56 25.91 26.46 27.55 28.65 29.88 31.25 34.08 37.84 40.46 42.03 42.22 41.32 40.56 40.51 40.64 40.62 40.56 40.22 39.82 39.47 38.94 38.13 37.11 35.86 34.88 34.22 33.19 32.15 30.99 29.82 28.95 27.99 27.17 26.27 25.33 24.90 24.62 23.95 22.74 21.13 19.47 18.16 17.13 16.05 14.76 13.74 13.45 13.48 13.39 13.23 12.92 12.39 11.77 11.12 10.51 9.94 9.40 8.91 8.75 8.63 8.00 7.36 7.25 6.96 5.77 4.57 4.06 3.75 3.41 3.14 3.19 3.53 4.94
27.35 27.78 28.39 29.52 30.67 31.61 32.68 35.00 38.08 40.54 42.12 42.56 42.08 41.23 40.97 41.21 41.28 41.30 41.05 40.56 40.08 39.50 38.66 37.66 36.44 35.32 34.46 33.74 33.06 31.77 30.44 29.60 28.72 27.86 26.96 26.27 26.00 25.67 24.96 23.91 22.48 20.93 19.66 18.45 17.18 15.70 14.49 14.08 13.95 13.98 13.91 13.27 12.42 11.66 10.95 10.26 9.59 9.02 8.47 8.08 7.74 6.99 6.29 6.06 5.72 4.78 3.86 3.41 3.15 2.91 2.68 2.66 2.87 3.90
29.09 29.60 30.29 31.50 32.75 33.46 34.27 35.96 38.04 40.03 41.47 42.34 42.61 41.99 41.67 42.01 42.16 42.24 42.06 41.44 40.78 40.06 39.17 38.20 37.11 35.92 34.90 34.53 34.26 32.92 31.47 30.63 29.78 28.81 27.87 27.33 27.07 26.53 25.71 24.85 23.70 22.36 21.18 19.78 18.32 16.63 15.25 14.73 14.49 14.68 14.72 13.75 12.54 11.63 10.83 10.09 9.37 8.82 8.23 7.63 7.08 6.22 5.45 5.10 4.71 4.02 3.35 2.95 2.67 2.49 2.29 2.11 2.05 2.53
30.81 31.99 33.33 33.74 34.21 35.06 36.02 37.94 39.92 40.86 41.60 42.31 42.75 42.83 42.92 43.22 43.32 43.32 43.08 42.42 41.65 40.83 39.90 38.98 38.01 36.94 35.95 35.43 35.08 34.04 32.83 32.01 31.18 30.08 29.07 28.43 27.92 27.49 26.88 25.66 24.22 23.09 22.01 20.80 19.53 17.60 15.99 15.45 15.20 15.30 15.21 14.32 13.16 11.92 10.85 10.13 9.45 8.77 8.01 7.23 6.50 5.72 5.05 4.63 4.20 3.64 3.09 2.86 2.72 2.44 2.16 1.90 1.63 1.59
32.39 34.27 36.31 35.95 35.66 36.68 37.80 40.16 42.43 42.70 42.93 43.38 43.70 44.20 44.57 44.84 44.89 44.83 44.53 43.87 43.06 42.19 41.24 40.32 39.38 38.34 37.34 36.65 36.15 35.34 34.34 33.55 32.74 31.50 30.36 29.63 28.95 28.71 28.34 26.69 24.88 23.85 22.83 21.83 20.77 18.62 16.80 16.22 15.95 15.96 15.77 15.01 13.98 12.46 11.14 10.44 9.78 8.97 8.07 7.14 6.28 5.60 5.06 4.54 4.04 3.53 3.05 2.94 2.91 2.54 2.16 1.89 1.54 1.11
34.00 35.28 36.68 37.10 37.58 38.54 39.59 41.38 43.09 43.79 44.42 45.10 45.66 46.34 46.87 47.32 47.50 47.19 46.66 45.82 44.86 43.99 43.04 42.16 41.25 40.10 38.98 38.15 37.48 36.70 35.76 34.86 33.96 32.88 31.89 30.99 30.12 29.61 28.98 27.55 26.03 24.92 23.74 22.48 21.10 19.24 17.73 17.07 16.67 16.57 16.29 15.39 14.32 13.32 12.42 11.37 10.28 9.36 8.44 7.47 6.56 5.83 5.23 5.24 5.26 4.18 3.12 3.03 3.02 2.48 1.93 1.77 1.54 0.96
35.24 36.07 36.93 38.20 39.47 40.38 41.36 42.59 43.82 45.03 46.13 47.09 47.95 48.88 49.60 50.18 50.36 49.65 48.80 47.75 46.63 45.78 44.85 44.02 43.13 41.84 40.61 39.61 38.69 37.89 36.98 36.00 35.03 34.17 33.35 32.26 31.18 30.37 29.46 28.32 27.24 26.20 24.96 23.42 21.69 20.05 18.83 18.04 17.41 17.09 16.66 15.69 14.81 14.56 14.19 12.72 11.03 9.85 8.85 7.87 6.92 6.15 5.51 6.04 6.59 4.92 3.28 3.20 3.20 2.49 1.78 1.73 1.63 0.94
35.87 37.15 38.40 39.85 41.25 42.16 43.09 44.57 46.15 47.39 48.49 49.55 50.54 51.61 52.39 52.56 52.18 51.29 50.33 49.49 48.65 47.64 46.59 45.64 44.58 43.96 43.41 41.76 40.12 39.21 38.25 37.38 36.57 35.50 34.45 33.40 32.32 31.37 30.34 29.63 29.16 28.15 26.83 25.16 23.20 21.51 20.28 19.26 18.29 17.58 16.81 16.05 15.65 15.57 15.15 13.83 12.11 10.77 9.80 8.77 7.76 6.79 5.94 5.87 5.83 4.79 3.78 3.39 3.10 2.52 1.94 1.74 1.53 1.05
36.49 38.15 39.76 41.42 43.00 43.93 44.83 46.54 48.41 49.64 50.73 51.89 52.99 54.16 55.00 54.78 53.92 52.93 51.88 51.22 50.61 49.41 48.22 47.18 45.99 46.07 46.24 43.97 41.69 40.74 39.77 38.99 38.30 37.00 35.69 34.70 33.65 32.59 31.43 31.10 31.10 29.99 28.53 26.77 24.68 23.01 21.81 20.59 19.35 18.30 17.22 16.55 16.38 16.21 15.65 14.57 13.03 11.73 10.91 9.85 8.79 7.65 6.58 5.92 5.28 4.87 4.49 3.79 3.19 2.73 2.28 1.93 1.58 1.27
37.66 39.39 41.10 43.08 45.11 46.72 48.08 49.17 50.29 51.52 52.77 53.99 55.13 56.30 57.09 56.97 56.14 55.21 54.20 53.28 52.44 51.08 49.80 48.87 47.80 47.50 47.23 45.43 43.56 42.54 41.55 40.62 39.92 39.14 38.19 37.03 35.65 34.43 33.25 32.24 31.53 30.56 29.30 27.83 26.24 24.86 23.72 22.65 21.45 19.89 18.38 17.62 17.27 16.73 15.97 14.85 13.33 12.06 11.20 10.38 9.55 8.56 7.62 6.84 6.10 5.51 4.93 4.28 3.70 3.56 3.45 2.83 2.20 1.83
38.97 40.71 42.48 44.90 47.67 50.28 52.24 52.53 52.55 53.42 54.67 55.93 57.06 58.18 58.93 58.90 58.14 57.30 56.37 55.23 54.19 52.71 51.36 50.57 49.72 49.13 48.49 47.11 45.58 44.43 43.37 42.44 42.07 42.15 41.71 40.22 38.16 36.45 35.09 33.33 31.78 30.78 29.66 28.67 28.00 27.34 26.46 25.47 24.12 21.89 19.89 18.95 18.18 17.03 15.97 14.85 13.50 12.38 11.55 10.97 10.36 9.52 8.70 7.82 6.99 6.24 5.49 4.86 4.28 4.42 4.64 3.75 2.88 2.46
