5 Erosion Sim/105705609.asc
nrows 512
ncols 512
xllcenter 0.000000
yllcenter 0.000000
cellsize 5.000000
NODATA_value  -9999
[rows 0 to 32 of 512, columns 148 to 221 of 512]
-42.40 -40.43 -38.28 -37.05 -35.47 -32.67 -29.46 -26.25 -23.27 -20.68 -18.55 -16.57 -15.00 -14.57 -14.63 -14.37 -14.59 -15.61 -16.70 -18.07 -19.26 -19.77 -19.98 -19.66 -19.30 -19.70 -20.13 -19.95 -19.07 -17.59 -16.13 -14.85 -13.50 -11.39 -8.82 -6.80 -5.12 -3.12 -0.87 1.37 3.43 5.26 6.66 7.29 8.33 10.45 13.11 16.45 20.25 24.02 27.70 31.06 33.76 35.83 37.29 38.18 38.80 39.72 40.72 41.00 41.88 44.00 46.28 48.46 50.49 52.83 55.39 57.50 58.98 59.88 60.03 59.91 60.24 60.75
-42.13 -40.47 -38.61 -37.06 -35.18 -32.34 -29.16 -25.96 -22.92 -20.70 -18.88 -16.96 -15.48 -14.96 -14.96 -14.90 -15.28 -16.20 -17.20 -18.14 -18.92 -19.39 -19.59 -19.74 -19.84 -20.08 -20.29 -19.87 -18.79 -17.46 -16.07 -14.56 -13.02 -11.27 -9.19 -7.15 -5.32 -3.40 -1.26 1.11 3.32 4.86 6.10 7.21 8.60 10.68 13.26 16.41 20.06 24.04 27.91 31.02 33.49 35.66 37.22 38.04 38.59 39.30 40.11 40.81 42.08 44.21 46.46 48.55 50.51 52.65 55.00 57.06 58.54 59.34 59.47 59.72 60.37 60.73
-41.45 -40.23 -38.73 -36.93 -34.79 -32.04 -29.11 -26.12 -23.17 -21.34 -19.81 -17.89 -16.46 -15.88 -15.84 -15.98 -16.46 -17.19 -18.00 -18.44 -18.75 -19.18 -19.42 -20.10 -20.69 -20.75 -20.67 -19.91 -18.60 -17.35 -15.90 -13.99 -12.20 -10.93 -9.59 -7.78 -5.92 -4.10 -2.13 0.31 2.65 4.03 5.42 7.33 9.20 11.20 13.56 16.38 19.79 23.90 27.88 30.67 32.88 35.15 36.85 37.64 38.18 38.77 39.47 40.69 42.39 44.48 46.62 48.51 50.32 52.18 54.21 56.15 57.59 58.36 58.60 59.38 60.46 60.73
-40.67 -39.58 -38.12 -36.66 -34.83 -32.49 -30.11 -27.70 -25.20 -23.05 -21.08 -19.07 -17.60 -17.09 -17.12 -17.20 -17.49 -18.09 -18.78 -19.23 -19.60 -20.02 -20.35 -20.90 -21.31 -21.08 -20.61 -20.11 -19.13 -17.62 -15.76 -13.35 -11.20 -10.31 -9.62 -8.37 -6.81 -5.01 -3.11 -0.93 1.21 3.06 5.24 7.85 10.10 11.84 13.81 16.33 19.52 23.29 26.90 30.19 32.98 34.70 35.92 36.97 37.81 38.74 39.82 40.97 42.51 44.62 46.68 48.25 49.79 51.51 53.36 55.26 56.76 57.54 57.95 58.70 59.67 60.44
-39.71 -38.84 -37.57 -36.55 -35.12 -33.16 -31.26 -29.35 -27.28 -24.89 -22.60 -20.62 -19.15 -18.67 -18.67 -18.57 -18.60 -19.01 -19.52 -19.94 -20.34 -20.70 -21.06 -21.40 -21.61 -21.13 -20.37 -20.24 -19.64 -17.93 -15.80 -13.03 -10.58 -9.94 -9.62 -8.67 -7.29 -5.47 -3.58 -1.60 0.37 2.56 5.21 8.21 10.71 12.23 13.88 16.19 19.20 22.61 25.87 29.68 33.04 34.23 34.96 36.31 37.46 38.75 40.17 41.23 42.59 44.75 46.77 48.06 49.33 50.92 52.63 54.53 56.12 56.85 57.33 57.97 58.79 60.10
-38.06 -37.60 -36.76 -36.39 -35.48 -33.64 -31.68 -29.59 -27.49 -25.48 -23.69 -22.35 -21.27 -20.56 -20.20 -19.93 -19.77 -19.84 -20.06 -20.24 -20.45 -20.71 -20.99 -21.29 -21.52 -21.17 -20.53 -20.19 -19.39 -17.72 -15.72 -13.44 -11.37 -10.32 -9.37 -7.83 -6.08 -4.55 -3.12 -1.37 0.52 2.70 5.25 7.96 10.25 12.07 14.18 16.67 19.62 22.84 25.84 28.98 31.81 33.37 34.51 36.23 37.83 38.78 39.83 41.23 42.89 44.72 46.36 47.85 49.29 50.67 52.17 53.84 55.27 56.16 56.86 57.82 58.96 60.40
-36.32 -36.29 -35.94 -36.28 -35.94 -34.05 -31.69 -29.04 -26.75 -25.29 -24.33 -23.97 -23.46 -22.49 -21.74 -21.28 -20.92 -20.69 -20.68 -20.69 -20.73 -20.84 -20.99 -21.18 -21.37 -21.11 -20.51 -19.91 -18.89 -17.35 -15.68 -14.10 -12.52 -10.84 -8.80 -6.20 -3.86 -2.79 -2.14 -0.97 0.68 2.77 5.06 7.32 9.32 11.65 14.71 17.86 20.99 23.95 26.54 28.85 31.06 32.95 34.37 36.34 38.31 38.88 39.49 41.17 43.10 44.62 45.90 47.61 49.24 50.40 51.64 53.03 54.29 55.34 56.32 57.63 59.08 60.64
-35.39 -35.85 -36.05 -36.61 -36.37 -34.36 -31.50 -28.68 -26.58 -25.61 -25.44 -25.70 -25.37 -24.15 -23.03 -22.53 -22.12 -21.67 -21.50 -21.40 -21.31 -21.23 -21.18 -21.01 -20.91 -20.92 -20.58 -19.68 -18.41 -17.20 -16.06 -14.87 -13.47 -11.22 -8.13 -4.72 -2.05 -1.10 -0.91 -0.50 0.74 2.66 4.61 6.58 8.45 11.47 15.64 19.44 22.71 25.38 27.52 29.44 31.45 33.19 34.40 35.99 37.72 38.60 39.46 41.10 42.98 44.60 45.96 47.54 49.03 49.94 50.88 52.09 53.25 54.65 56.05 57.52 59.10 60.34
-34.84 -35.67 -36.29 -36.95 -36.76 -34.80 -31.82 -29.20 -27.45 -26.80 -27.05 -27.55 -27.25 -25.82 -24.42 -23.97 -23.61 -22.97 -22.62 -22.40 -22.16 -21.89 -21.65 -21.11 -20.67 -20.94 -20.85 -19.66 -18.15 -17.17 -16.35 -15.35 -14.04 -11.43 -7.78 -4.03 -1.23 -0.25 -0.19 -0.19 0.79 2.62 4.40 6.24 8.06 11.56 16.40 20.41 23.66 26.17 28.07 29.79 31.68 33.30 34.36 35.62 37.07 38.21 39.31 40.90 42.74 44.46 45.92 47.42 48.82 49.54 50.28 51.41 52.52 54.21 55.95 57.48 59.11 59.96
-34.30 -35.28 -36.02 -36.89 -37.00 -35.54 -33.19 -30.68 -28.89 -28.31 -28.52 -29.25 -29.18 -28.06 -26.92 -26.11 -25.35 -24.52 -23.91 -23.47 -23.06 -22.59 -22.20 -21.50 -20.87 -21.09 -20.98 -19.84 -18.44 -17.36 -16.44 -15.36 -13.97 -11.36 -7.85 -4.60 -2.16 -0.78 -0.18 0.15 1.31 3.02 4.73 6.62 8.44 11.56 15.80 19.47 22.58 25.11 27.14 29.04 31.05 32.71 33.88 35.24 36.73 37.81 38.87 40.43 42.24 44.01 45.59 47.27 48.80 49.52 50.19 51.25 52.35 53.88 55.48 56.86 58.28 59.34
-34.18 -35.13 -35.76 -36.63 -36.95 -36.12 -34.72 -32.64 -30.95 -30.38 -30.39 -31.18 -31.28 -30.46 -29.62 -28.45 -27.32 -26.26 -25.25 -24.46 -23.84 -23.22 -22.74 -21.96 -21.12 -21.24 -21.07 -19.94 -18.63 -17.45 -16.42 -15.25 -13.78 -11.32 -8.25 -5.80 -3.86 -1.94 -0.50 0.45 1.92 3.54 5.28 7.31 9.17 11.70 14.86 17.67 20.36 22.93 25.20 27.43 29.63 31.39 32.81 34.42 36.07 37.15 38.22 39.82 41.61 43.50 45.37 47.41 49.21 49.95 50.48 51.40 52.44 53.83 55.35 56.61 57.81 58.97
-34.73 -35.51 -35.89 -36.52 -36.83 -36.50 -35.90 -34.92 -34.01 -33.25 -32.84 -33.56 -33.68 -32.69 -31.65 -30.36 -29.08 -27.99 -26.79 -25.39 -24.28 -23.76 -23.46 -22.91 -22.21 -21.65 -20.84 -19.71 -18.46 -17.25 -16.17 -14.84 -13.22 -11.33 -9.12 -7.07 -5.21 -2.62 -0.21 0.71 1.80 3.73 5.88 8.25 10.34 12.10 13.98 15.94 18.21 20.77 23.22 25.90 28.42 30.09 31.56 33.23 34.83 36.29 37.75 39.31 40.98 42.97 45.12 47.36 49.28 50.29 50.92 51.79 52.84 54.39 56.10 57.35 58.42 59.24
-35.31 -35.92 -36.12 -36.60 -36.93 -36.93 -36.81 -36.60 -36.32 -35.43 -34.77 -35.58 -35.80 -34.63 -33.40 -32.00 -30.57 -29.55 -28.33 -26.47 -24.95 -24.50 -24.27 -23.85 -23.22 -21.98 -20.53 -19.37 -18.20 -16.96 -15.85 -14.37 -12.62 -11.15 -9.51 -7.55 -5.64 -2.53 0.53 1.07 1.64 3.82 6.27 8.85 11.12 12.31 13.33 14.88 16.89 19.33 21.76 24.69 27.46 28.98 30.40 32.03 33.56 35.39 37.23 38.72 40.27 42.32 44.66 47.01 49.04 50.40 51.31 52.27 53.40 55.06 56.86 57.98 58.86 59.33
-35.70 -36.21 -36.26 -36.43 -36.68 -37.02 -37.40 -37.56 -37.47 -37.17 -36.99 -37.30 -37.04 -35.91 -34.69 -33.42 -32.16 -30.82 -29.35 -27.91 -26.70 -25.87 -25.17 -24.43 -23.49 -22.13 -20.62 -19.22 -17.88 -16.64 -15.43 -13.90 -12.21 -10.66 -9.01 -7.16 -5.29 -2.45 0.30 1.04 1.81 3.96 6.37 8.62 10.61 12.14 13.46 14.80 16.54 18.73 20.94 23.39 25.75 27.64 29.47 31.39 33.24 34.73 36.22 37.92 39.63 41.63 43.98 46.52 48.79 50.49 51.81 53.20 54.55 55.94 57.33 58.03 58.53 58.97
-36.24 -36.53 -36.20 -35.81 -35.83 -36.62 -37.80 -38.59 -38.81 -38.98 -39.09 -38.72 -37.89 -36.78 -35.50 -34.31 -33.18 -31.64 -30.12 -29.30 -28.51 -27.30 -26.12 -25.03 -23.79 -22.38 -20.86 -19.28 -17.78 -16.44 -14.90 -13.09 -11.35 -9.79 -8.28 -6.70 -4.94 -2.39 0.03 0.94 1.89 4.00 6.31 8.19 9.87 11.78 13.48 14.71 16.24 18.21 20.20 22.18 24.14 26.39 28.62 30.81 32.95 34.09 35.20 37.08 38.95 40.86 43.17 45.82 48.26 50.38 52.31 54.32 56.00 57.06 57.92 58.08 58.15 58.57
-36.74 -36.75 -35.94 -35.11 -34.98 -35.93 -37.62 -39.48 -40.44 -40.37 -40.05 -39.58 -38.79 -37.65 -36.26 -34.78 -33.43 -32.08 -30.94 -30.27 -29.43 -28.23 -26.97 -25.66 -24.27 -22.73 -21.15 -19.23 -17.42 -16.04 -14.21 -12.02 -10.13 -8.72 -7.51 -6.27 -4.70 -2.42 -0.33 0.75 1.90 3.91 6.06 7.93 9.67 11.55 13.24 14.36 15.70 17.50 19.33 21.46 23.64 25.86 28.10 29.90 31.68 33.09 34.45 36.32 38.17 40.15 42.52 45.09 47.53 50.01 52.50 55.06 57.00 57.55 57.73 57.82 57.94 58.21
-37.05 -36.94 -35.91 -34.87 -34.65 -35.55 -37.34 -39.88 -41.36 -41.05 -40.41 -39.98 -39.29 -38.15 -36.73 -35.04 -33.50 -32.29 -31.36 -30.67 -29.74 -28.64 -27.42 -26.05 -24.62 -23.02 -21.41 -19.18 -17.06 -15.73 -13.86 -11.52 -9.59 -8.25 -7.18 -6.12 -4.67 -2.67 -0.86 0.44 1.82 3.76 5.83 7.76 9.59 11.41 13.07 14.08 15.26 16.98 18.71 21.07 23.49 25.69 27.91 29.29 30.66 32.30 33.88 35.73 37.55 39.60 42.04 44.50 46.86 49.51 52.27 55.09 57.18 57.29 56.96 57.17 57.47 57.65
-37.16 -37.20 -36.46 -35.52 -35.27 -36.40 -38.29 -40.29 -41.37 -41.17 -40.65 -39.94 -38.98 -37.97 -36.62 -34.86 -33.27 -32.02 -31.08 -30.44 -29.55 -28.41 -27.19 -25.79 -24.36 -22.88 -21.38 -19.34 -17.37 -16.18 -14.51 -12.23 -10.27 -8.85 -7.60 -6.25 -4.60 -2.80 -1.21 0.31 1.95 3.94 6.09 8.03 9.82 11.30 12.65 13.88 15.26 17.11 18.93 20.75 22.67 24.74 26.86 28.54 30.21 32.13 34.02 35.99 37.86 39.67 41.78 44.14 46.45 48.79 51.22 53.62 55.39 55.89 56.00 56.29 56.63 57.12
-37.44 -37.72 -37.54 -36.99 -36.83 -38.03 -39.70 -40.84 -41.36 -41.24 -40.80 -39.79 -38.55 -37.62 -36.20 -34.21 -32.42 -31.02 -30.04 -29.44 -28.59 -27.45 -26.31 -25.02 -23.73 -22.54 -21.30 -19.59 -17.81 -16.82 -15.52 -13.43 -11.52 -9.91 -8.29 -6.45 -4.51 -2.94 -1.61 0.12 2.02 4.14 6.48 8.52 10.32 11.48 12.54 14.03 15.62 17.55 19.35 20.52 21.88 23.84 25.90 27.96 30.06 32.41 34.80 37.05 39.05 40.52 42.06 44.05 46.07 47.88 49.71 51.50 52.87 53.83 54.53 55.04 55.53 56.43
-37.44 -38.19 -38.82 -38.78 -38.85 -39.68 -40.66 -41.06 -41.12 -41.04 -40.65 -39.77 -38.68 -37.43 -35.52 -33.03 -30.77 -29.09 -27.95 -27.59 -27.02 -25.87 -24.85 -23.98 -23.18 -22.32 -21.40 -20.14 -18.67 -17.31 -15.78 -13.98 -12.22 -10.69 -8.96 -6.83 -4.82 -3.07 -1.58 -0.16 1.48 3.72 6.25 8.38 10.16 11.64 13.05 14.57 16.15 17.97 19.58 20.45 21.61 23.58 25.75 28.03 30.41 33.02 35.72 38.42 40.66 41.83 42.77 44.25 45.83 47.10 48.35 49.65 50.82 51.96 52.97 53.87 54.66 55.48
-37.63 -38.70 -39.79 -39.94 -40.06 -40.64 -41.22 -41.14 -40.87 -40.82 -40.48 -39.72 -38.78 -37.23 -34.86 -31.90 -29.15 -27.12 -25.71 -25.49 -25.14 -24.00 -23.15 -22.76 -22.50 -22.01 -21.42 -20.65 -19.48 -17.68 -15.77 -14.11 -12.41 -11.06 -9.42 -7.22 -5.22 -3.28 -1.57 -0.42 1.00 3.34 5.98 8.14 9.87 11.64 13.35 14.86 16.39 18.15 19.65 20.31 21.31 23.30 25.61 28.15 30.84 33.71 36.68 39.75 42.21 43.10 43.55 44.58 45.71 46.44 47.17 48.07 49.08 50.37 51.63 52.85 53.93 54.67
-39.02 -39.70 -40.43 -40.57 -40.69 -41.00 -41.25 -40.95 -40.52 -40.32 -39.91 -39.49 -38.86 -37.26 -34.78 -31.60 -28.54 -26.39 -24.81 -23.82 -22.91 -22.04 -21.62 -21.44 -21.44 -21.32 -20.92 -19.97 -18.62 -17.37 -16.15 -14.75 -13.18 -11.54 -9.61 -7.41 -5.44 -3.49 -1.74 -0.64 0.74 3.20 5.95 8.15 9.91 11.51 13.01 14.49 16.02 17.66 19.09 20.02 21.23 23.16 25.52 28.23 31.14 34.29 37.50 40.87 43.53 44.30 44.46 44.91 45.39 45.74 46.16 46.77 47.70 49.13 50.55 51.72 52.77 53.79
-40.27 -40.59 -41.04 -41.26 -41.39 -41.37 -41.17 -40.52 -39.87 -39.58 -39.25 -39.31 -39.05 -37.47 -35.00 -31.75 -28.47 -26.15 -24.29 -22.41 -20.86 -20.25 -20.23 -20.22 -20.42 -20.49 -19.92 -18.48 -16.79 -16.23 -16.00 -15.17 -13.86 -11.94 -9.73 -7.53 -5.58 -3.63 -1.86 -0.85 0.48 3.03 5.83 8.03 9.79 11.19 12.40 13.78 15.27 16.84 18.33 19.65 21.14 22.98 25.36 28.20 31.27 34.65 38.04 41.68 44.51 45.19 45.13 45.08 45.00 45.04 45.20 45.58 46.44 47.99 49.53 50.57 51.57 52.86
-40.98 -41.19 -41.60 -41.87 -41.99 -41.63 -40.95 -40.35 -39.86 -39.41 -39.07 -39.10 -38.70 -37.36 -35.15 -32.10 -28.89 -25.95 -23.34 -21.26 -19.75 -19.06 -19.07 -19.27 -19.72 -19.81 -18.93 -17.16 -15.35 -14.97 -15.22 -14.93 -13.86 -11.95 -9.75 -7.40 -5.32 -3.82 -2.47 -1.23 0.34 2.82 5.51 7.70 9.48 10.81 11.87 13.06 14.44 15.99 17.58 19.32 21.10 22.69 24.88 27.91 31.20 34.70 38.15 41.57 44.15 44.93 44.92 44.87 44.73 44.62 44.68 44.95 45.82 47.07 48.28 49.47 50.65 52.16
-41.75 -41.84 -42.14 -42.40 -42.49 -41.84 -40.83 -40.39 -40.15 -39.47 -38.99 -38.86 -38.27 -37.14 -35.16 -32.31 -29.25 -25.89 -22.79 -20.75 -19.38 -18.57 -18.49 -18.77 -19.32 -19.40 -18.37 -16.48 -14.64 -14.31 -14.75 -14.69 -13.74 -11.86 -9.69 -7.22 -5.02 -3.96 -3.06 -1.62 0.17 2.55 5.14 7.33 9.12 10.42 11.41 12.50 13.80 15.26 16.82 18.86 20.89 22.19 24.13 27.24 30.63 34.12 37.56 40.71 42.99 43.93 44.04 44.13 44.12 44.06 44.20 44.48 45.42 46.37 47.29 48.61 49.96 51.64
-41.81 -42.11 -42.60 -42.73 -42.69 -42.19 -41.38 -40.79 -40.34 -39.65 -39.13 -39.06 -38.59 -37.06 -34.71 -31.92 -28.92 -25.89 -23.03 -20.75 -19.19 -18.24 -18.07 -18.60 -19.33 -19.41 -18.54 -16.91 -15.24 -14.68 -14.77 -14.41 -13.30 -11.70 -9.88 -7.68 -5.71 -4.41 -3.18 -1.51 0.44 2.43 4.55 6.65 8.43 9.88 11.08 12.18 13.43 14.86 16.37 18.21 20.01 21.57 23.75 26.94 30.37 33.31 36.15 39.02 41.16 42.17 42.42 42.55 42.59 42.57 42.80 43.52 44.81 46.20 47.57 49.01 50.42 51.72
-41.82 -42.31 -42.94 -42.88 -42.71 -42.42 -41.97 -41.38 -40.80 -40.07 -39.42 -39.34 -38.95 -37.06 -34.42 -31.80 -28.97 -26.29 -23.57 -20.91 -19.11 -18.06 -17.84 -18.65 -19.51 -19.61 -19.10 -17.98 -16.59 -15.67 -15.13 -14.20 -12.80 -11.55 -10.20 -8.42 -6.72 -5.10 -3.42 -1.35 0.81 2.30 3.80 5.67 7.36 9.05 10.65 11.96 13.31 14.80 16.33 18.00 19.60 21.40 23.78 26.95 30.23 32.34 34.23 36.51 38.38 39.51 40.02 40.34 40.57 40.78 41.37 42.76 44.49 46.34 48.28 49.92 51.46 52.33
-42.82 -42.96 -43.19 -42.96 -42.68 -42.26 -41.84 -41.62 -41.29 -40.64 -39.99 -38.92 -37.65 -36.68 -35.07 -32.62 -29.97 -27.05 -23.86 -21.16 -19.41 -18.57 -18.57 -19.21 -19.74 -19.51 -19.00 -18.58 -17.68 -16.58 -15.61 -14.25 -12.70 -11.54 -10.40 -8.94 -7.45 -5.77 -3.87 -1.78 0.23 1.81 3.28 5.02 6.77 8.40 10.16 11.74 13.27 14.94 16.59 18.35 19.98 21.59 23.68 26.26 28.81 30.59 32.05 33.67 35.24 36.52 37.35 37.85 38.28 39.09 40.38 42.06 43.84 45.74 47.83 49.78 51.54 52.63
-43.74 -43.56 -43.44 -43.11 -42.75 -42.15 -41.62 -41.65 -41.52 -41.00 -40.45 -38.50 -36.39 -36.34 -35.77 -33.50 -31.05 -28.02 -24.58 -22.05 -20.46 -19.75 -19.83 -20.14 -20.25 -19.51 -18.67 -18.62 -18.07 -16.92 -15.78 -14.28 -12.71 -11.58 -10.53 -9.27 -7.91 -6.24 -4.31 -2.37 -0.59 1.13 2.70 4.46 6.31 7.84 9.65 11.42 13.10 15.00 16.83 18.72 20.40 21.77 23.45 25.30 27.02 28.48 29.61 30.70 32.03 33.46 34.61 35.29 35.93 37.30 39.19 41.05 42.81 44.71 46.86 49.04 51.00 52.36
-43.94 -43.67 -43.43 -43.14 -42.86 -42.33 -41.86 -41.55 -41.12 -40.69 -40.26 -39.05 -37.64 -37.02 -35.98 -33.98 -31.84 -29.23 -26.27 -23.99 -22.44 -21.55 -21.27 -21.30 -21.14 -20.41 -19.60 -19.10 -18.24 -17.02 -15.82 -14.43 -13.00 -11.66 -10.39 -9.28 -8.08 -6.28 -4.23 -2.59 -1.11 0.48 1.93 3.41 5.00 6.68 8.72 11.39 14.01 15.55 16.98 19.05 20.80 21.84 22.92 24.35 25.64 26.40 26.98 27.89 29.18 30.56 31.77 32.92 34.13 35.69 37.69 39.76 41.65 43.57 45.72 47.91 49.91 51.45
-44.20 -43.83 -43.40 -43.10 -42.88 -42.40 -41.94 -41.25 -40.50 -40.19 -39.96 -39.55 -38.88 -37.68 -36.14 -34.37 -32.51 -30.37 -28.05 -26.18 -24.77 -23.65 -22.93 -22.60 -22.15 -21.45 -20.68 -19.73 -18.56 -17.26 -15.98 -14.70 -13.40 -11.83 -10.32 -9.32 -8.26 -6.31 -4.15 -2.78 -1.59 -0.11 1.26 2.48 3.82 5.64 7.88 11.42 14.94 16.08 17.07 19.27 21.10 21.78 22.20 23.17 24.05 24.26 24.56 25.52 26.87 28.15 29.31 30.81 32.50 34.15 36.09 38.24 40.19 42.08 44.14 46.25 48.24 50.00
-44.89 -44.42 -43.81 -43.17 -42.68 -42.14 -41.56 -40.72 -39.88 -39.42 -39.10 -39.13 -38.83 -37.65 -36.17 -34.64 -33.05 -31.25 -29.44 -27.91 -26.57 -25.19 -24.03 -23.24 -22.44 -21.79 -21.06 -19.95 -18.72 -17.27 -15.84 -14.68 -13.52 -12.02 -10.55 -9.55 -8.50 -6.71 -4.72 -3.23 -1.91 -0.34 1.16 2.16 3.27 5.09 7.38 10.46 13.55 15.39 17.02 19.27 21.10 21.54 21.48 21.90 22.31 22.37 22.75 23.73 25.03 26.38 27.61 29.12 30.93 32.77 34.79 36.83 38.69 40.53 42.49 44.55 46.57 48.81
-45.25 -44.73 -44.03 -43.15 -42.46 -41.90 -41.28 -40.35 -39.47 -38.82 -38.35 -38.75 -38.79 -37.60 -36.13 -34.76 -33.33 -31.69 -30.11 -28.66 -27.29 -25.73 -24.31 -23.30 -22.31 -21.84 -21.28 -20.13 -18.89 -17.30 -15.71 -14.68 -13.65 -12.22 -10.80 -9.81 -8.78 -7.14 -5.31 -3.65 -2.18 -0.49 1.15 1.91 2.79 4.60 6.89 9.45 12.04 14.47 16.70 18.96 20.77 21.09 20.80 20.98 21.18 21.22 21.69 22.63 23.86 25.27 26.57 28.04 29.85 31.79 33.84 35.78 37.55 39.34 41.24 43.29 45.33 47.94
