5 Erosion Sim/105705609.asc
nrows 512
ncols 512
xllcenter 0.000000
yllcenter 0.000000
cellsize 5.000000
NODATA_value  -9999
[rows 66 to 98 of 512, columns 0 to 73 of 512]
-51.22 -51.29 -51.59 -52.30 -52.83 -52.68 -52.40 -52.42 -52.62 -52.56 -52.16 -51.58 -51.01 -50.80 -50.94 -50.74 -50.48 -51.29 -52.34 -53.02 -53.77 -53.84 -53.74 -54.70 -55.47 -55.30 -54.78 -54.17 -53.84 -54.01 -54.53 -55.14 -55.31 -54.46 -53.16 -52.16 -51.11 -49.95 -48.97 -48.15 -47.50 -46.16 -44.97 -45.63 -46.50 -46.61 -46.68 -46.44 -45.90 -45.68 -45.35 -44.21 -43.01 -42.42 -41.85 -41.11 -40.40 -39.29 -38.06 -37.32 -36.87 -36.41 -35.99 -35.37 -34.91 -35.36 -36.10 -36.63 -36.99 -35.90 -34.82 -36.27 -37.77 -38.09
-49.89 -50.15 -50.79 -51.64 -52.18 -52.05 -51.73 -51.67 -51.85 -51.62 -50.92 -50.32 -49.90 -49.99 -50.60 -51.09 -51.28 -51.37 -51.67 -52.66 -53.71 -53.88 -53.81 -54.14 -54.39 -54.52 -54.47 -54.03 -53.71 -54.00 -54.54 -55.00 -55.09 -54.34 -53.23 -52.37 -51.43 -50.33 -49.33 -48.29 -47.40 -46.58 -45.96 -46.18 -46.52 -45.78 -44.98 -45.24 -45.33 -44.86 -44.21 -43.02 -41.75 -41.11 -40.52 -39.72 -39.01 -38.08 -37.08 -36.09 -35.39 -35.40 -35.52 -35.40 -35.28 -35.33 -35.47 -35.75 -36.06 -35.67 -35.34 -36.26 -37.19 -37.59
-48.57 -48.98 -49.83 -50.69 -51.19 -51.13 -50.87 -50.80 -51.03 -50.73 -49.91 -49.50 -49.33 -49.65 -50.55 -51.55 -52.08 -51.47 -51.01 -52.30 -53.64 -53.90 -53.91 -53.67 -53.42 -53.76 -54.03 -53.59 -53.19 -53.65 -54.32 -54.72 -54.79 -54.13 -53.17 -52.42 -51.59 -50.56 -49.58 -48.36 -47.22 -46.84 -46.65 -46.31 -46.03 -44.43 -42.78 -43.58 -44.34 -43.60 -42.64 -41.38 -40.03 -39.33 -38.71 -37.85 -37.16 -36.43 -35.68 -34.48 -33.56 -34.03 -34.62 -34.92 -35.10 -34.84 -34.59 -34.82 -35.19 -35.50 -35.87 -36.24 -36.58 -37.08
-47.39 -47.67 -48.28 -48.71 -48.94 -49.40 -49.78 -49.94 -50.30 -50.36 -49.99 -49.68 -49.56 -50.02 -50.96 -51.71 -52.02 -51.67 -51.42 -52.21 -53.04 -53.47 -53.70 -53.56 -53.44 -53.41 -53.32 -53.21 -53.19 -53.53 -54.06 -54.45 -54.50 -53.90 -53.05 -52.24 -51.35 -50.53 -49.71 -48.54 -47.38 -46.67 -45.98 -45.16 -44.50 -43.34 -42.28 -42.50 -42.68 -41.71 -40.46 -39.45 -38.35 -37.31 -36.36 -35.11 -34.14 -33.95 -33.85 -33.33 -33.03 -33.42 -33.85 -34.04 -34.11 -34.01 -34.00 -34.10 -34.29 -34.77 -35.32 -35.74 -36.12 -36.59
-46.42 -46.44 -46.51 -46.23 -46.07 -47.17 -48.46 -49.12 -49.74 -50.23 -50.43 -50.35 -50.33 -50.86 -51.62 -51.91 -51.91 -51.81 -51.76 -52.04 -52.37 -53.02 -53.57 -53.62 -53.65 -53.24 -52.72 -52.90 -53.21 -53.42 -53.79 -54.13 -54.14 -53.61 -52.88 -52.00 -51.01 -50.36 -49.66 -48.50 -47.30 -46.14 -44.73 -43.22 -42.08 -41.48 -41.24 -41.14 -40.85 -39.64 -38.09 -37.33 -36.51 -35.13 -33.80 -32.12 -30.87 -31.29 -32.00 -32.30 -32.68 -32.95 -33.08 -33.05 -32.93 -33.05 -33.37 -33.42 -33.49 -34.14 -34.87 -35.36 -35.78 -36.17
-45.59 -45.23 -44.65 -44.27 -44.32 -45.44 -47.02 -47.68 -48.07 -49.44 -50.65 -51.00 -51.27 -51.59 -51.90 -52.24 -52.42 -52.37 -52.32 -52.41 -52.55 -52.63 -52.70 -53.05 -53.33 -53.11 -52.75 -52.59 -52.61 -52.94 -53.41 -53.71 -53.69 -53.25 -52.62 -51.87 -50.98 -50.08 -49.09 -47.70 -46.22 -44.73 -42.73 -40.76 -39.37 -38.76 -38.78 -38.85 -38.60 -37.69 -36.39 -35.33 -34.26 -32.81 -31.35 -29.89 -28.96 -29.31 -30.12 -30.98 -31.77 -32.04 -32.03 -31.96 -31.86 -32.03 -32.50 -32.90 -33.22 -33.79 -34.45 -35.00 -35.46 -35.65
-44.31 -43.70 -42.78 -42.61 -43.03 -44.08 -45.71 -46.13 -46.20 -48.38 -50.47 -51.09 -51.56 -51.73 -51.77 -52.34 -52.78 -52.79 -52.77 -52.72 -52.73 -52.24 -51.79 -52.39 -52.88 -52.87 -52.71 -52.24 -51.98 -52.43 -52.99 -53.26 -53.23 -52.84 -52.25 -51.54 -50.68 -49.46 -48.13 -46.46 -44.70 -42.99 -40.66 -38.49 -37.02 -36.35 -36.45 -36.53 -36.22 -35.64 -34.67 -33.42 -32.17 -30.76 -29.33 -28.19 -27.66 -27.85 -28.58 -29.82 -30.88 -31.18 -31.11 -31.08 -31.04 -31.22 -31.75 -32.38 -32.89 -33.37 -33.94 -34.53 -35.03 -35.06
-42.33 -41.95 -41.36 -41.14 -41.47 -42.77 -44.53 -45.56 -46.35 -47.85 -49.30 -50.08 -50.64 -51.31 -51.78 -52.25 -52.58 -52.53 -52.49 -52.47 -52.47 -52.30 -52.18 -52.45 -52.63 -52.28 -51.80 -51.76 -51.92 -52.18 -52.52 -52.70 -52.63 -52.22 -51.57 -50.60 -49.43 -48.35 -47.15 -45.32 -43.38 -41.51 -39.13 -37.05 -35.58 -34.76 -34.63 -34.43 -33.98 -33.43 -32.46 -31.15 -29.94 -28.69 -27.52 -26.76 -26.50 -26.73 -27.44 -28.80 -30.02 -30.45 -30.55 -30.57 -30.51 -30.49 -30.82 -31.64 -32.37 -32.82 -33.33 -33.78 -34.19 -34.47
-40.36 -40.27 -40.18 -40.09 -40.41 -41.84 -43.50 -44.89 -46.28 -47.14 -48.06 -49.12 -49.83 -50.97 -51.80 -52.10 -52.29 -52.21 -52.21 -52.27 -52.27 -52.41 -52.60 -52.55 -52.40 -51.73 -50.96 -51.39 -51.98 -51.99 -51.98 -51.97 -51.81 -51.37 -50.67 -49.43 -47.96 -47.01 -45.98 -44.01 -41.91 -39.99 -37.82 -36.08 -34.73 -33.69 -33.14 -32.47 -31.78 -31.20 -30.12 -28.64 -27.44 -26.49 -25.80 -25.62 -25.73 -25.94 -26.56 -27.95 -29.25 -29.85 -30.19 -30.35 -30.30 -30.08 -30.16 -31.13 -32.04 -32.42 -32.77 -32.99 -33.26 -33.84
-38.91 -38.85 -38.98 -39.53 -40.38 -41.54 -42.68 -43.75 -45.06 -46.01 -47.15 -49.09 -50.58 -51.43 -51.87 -51.83 -51.71 -51.85 -52.13 -52.09 -51.92 -52.09 -52.31 -52.32 -52.25 -51.73 -51.15 -51.39 -51.74 -51.63 -51.41 -51.01 -50.59 -50.30 -49.71 -48.57 -47.14 -45.25 -43.30 -42.08 -40.70 -38.77 -36.84 -35.12 -33.58 -32.48 -31.67 -30.74 -30.03 -29.22 -27.81 -25.90 -24.46 -24.17 -24.33 -24.72 -25.19 -25.51 -26.13 -27.39 -28.60 -29.37 -29.97 -30.34 -30.39 -30.31 -30.50 -31.09 -31.66 -31.76 -31.76 -32.02 -32.43 -33.21
-37.67 -37.55 -37.76 -38.79 -40.08 -41.08 -41.95 -42.94 -44.27 -45.25 -46.47 -49.19 -51.39 -51.98 -52.09 -51.78 -51.38 -51.71 -52.20 -51.98 -51.61 -51.79 -52.05 -52.11 -52.10 -51.72 -51.28 -51.28 -51.36 -51.18 -50.85 -50.16 -49.52 -49.38 -48.90 -47.83 -46.45 -43.62 -40.73 -40.23 -39.57 -37.54 -35.64 -33.73 -31.91 -30.87 -30.03 -29.08 -28.46 -27.47 -25.89 -23.71 -22.10 -22.40 -23.23 -24.00 -24.73 -25.17 -25.85 -27.03 -28.18 -29.04 -29.79 -30.25 -30.35 -30.44 -30.77 -31.01 -31.25 -31.11 -30.83 -31.22 -31.82 -32.74
-35.73 -35.60 -35.93 -37.33 -38.92 -40.11 -41.27 -42.23 -43.42 -45.19 -47.17 -49.54 -51.43 -52.19 -52.49 -52.38 -52.08 -52.21 -52.44 -52.12 -51.68 -51.78 -51.95 -51.90 -51.82 -51.51 -51.17 -50.62 -50.14 -50.33 -50.39 -49.79 -49.25 -48.80 -47.97 -46.95 -45.60 -43.05 -40.42 -39.26 -37.97 -35.96 -34.12 -32.22 -30.43 -29.27 -28.30 -27.31 -26.66 -25.68 -24.29 -22.94 -22.08 -22.33 -23.04 -23.17 -23.26 -24.43 -25.74 -26.66 -27.60 -28.38 -29.09 -29.85 -30.19 -30.21 -30.41 -30.60 -30.85 -30.56 -30.14 -30.61 -31.33 -32.22
-33.25 -33.19 -33.79 -35.73 -37.69 -39.13 -40.72 -41.83 -42.95 -45.44 -48.05 -49.94 -51.44 -52.39 -52.95 -53.10 -52.96 -52.84 -52.74 -52.26 -51.73 -51.73 -51.81 -51.66 -51.49 -51.28 -51.05 -49.99 -48.97 -49.55 -50.01 -49.53 -49.09 -48.34 -47.17 -46.21 -44.90 -42.65 -40.24 -38.37 -36.46 -34.50 -32.78 -30.94 -29.19 -27.90 -26.76 -25.68 -25.00 -24.13 -23.14 -22.83 -22.80 -22.90 -23.33 -22.65 -22.02 -23.83 -25.61 -26.10 -26.76 -27.50 -28.29 -29.47 -30.11 -30.00 -29.96 -29.98 -30.19 -29.75 -29.12 -29.64 -30.46 -31.39
-30.54 -31.23 -32.77 -34.81 -36.71 -38.41 -40.47 -42.28 -43.90 -45.88 -47.89 -49.82 -51.43 -52.26 -52.77 -53.14 -53.09 -53.02 -52.88 -52.38 -51.88 -51.55 -51.27 -51.20 -51.13 -50.90 -50.68 -49.97 -49.28 -49.46 -49.57 -49.01 -48.51 -48.04 -47.12 -45.88 -44.29 -42.07 -39.63 -37.27 -34.94 -33.14 -31.63 -29.93 -28.30 -26.79 -25.38 -24.27 -23.62 -23.15 -22.83 -22.84 -22.91 -23.00 -23.28 -22.87 -22.61 -24.03 -25.25 -25.49 -26.03 -27.02 -28.17 -29.32 -29.79 -29.64 -29.42 -29.09 -29.06 -28.80 -28.31 -28.57 -29.21 -30.41
-29.19 -30.53 -32.81 -34.75 -36.46 -38.28 -40.55 -42.82 -44.80 -46.27 -47.73 -49.72 -51.45 -52.06 -52.40 -52.87 -52.86 -52.87 -52.79 -52.34 -51.94 -51.27 -50.67 -50.69 -50.72 -50.47 -50.23 -49.86 -49.49 -49.29 -49.02 -48.39 -47.80 -47.63 -46.99 -45.52 -43.69 -41.58 -39.22 -36.49 -33.82 -32.19 -30.87 -29.30 -27.78 -26.07 -24.44 -23.36 -22.75 -22.57 -22.65 -22.69 -22.68 -22.75 -22.95 -22.87 -23.00 -24.07 -24.88 -25.01 -25.51 -26.68 -28.07 -29.06 -29.31 -29.17 -28.91 -28.34 -28.14 -28.10 -27.81 -27.88 -28.34 -29.77
-30.76 -31.41 -32.95 -35.03 -36.94 -38.78 -41.00 -43.08 -44.91 -46.57 -48.21 -49.94 -51.41 -52.09 -52.40 -52.61 -52.48 -52.25 -52.02 -51.48 -50.88 -50.40 -49.97 -49.94 -49.95 -49.65 -49.36 -48.92 -48.52 -48.45 -48.35 -48.01 -47.65 -47.24 -46.34 -44.81 -43.00 -40.91 -38.63 -36.27 -33.94 -32.04 -30.43 -28.90 -27.42 -25.80 -24.25 -23.12 -22.45 -22.24 -22.31 -22.41 -22.48 -22.43 -22.50 -22.78 -23.26 -23.84 -24.18 -24.62 -25.40 -26.48 -27.77 -28.80 -29.13 -28.94 -28.69 -27.80 -27.24 -27.78 -27.99 -27.67 -27.84 -29.32
-33.18 -33.09 -33.79 -35.93 -38.00 -39.82 -41.90 -43.68 -45.27 -47.07 -48.80 -50.18 -51.31 -51.89 -51.89 -51.60 -51.22 -50.85 -50.69 -50.25 -49.52 -49.18 -48.86 -48.71 -48.68 -48.34 -48.00 -47.50 -47.12 -47.30 -47.55 -47.66 -47.60 -46.92 -45.66 -44.02 -42.19 -40.22 -38.15 -36.31 -34.39 -32.24 -30.31 -28.77 -27.31 -25.75 -24.28 -23.08 -22.34 -22.12 -22.16 -22.33 -22.47 -22.29 -22.25 -22.89 -23.71 -23.81 -23.73 -24.52 -25.60 -26.57 -27.69 -28.71 -29.09 -28.90 -28.73 -27.60 -26.71 -27.72 -28.18 -27.23 -27.00 -28.56
-35.20 -35.33 -36.15 -37.91 -39.70 -41.29 -43.02 -44.58 -46.01 -47.66 -49.19 -50.25 -51.08 -51.36 -50.86 -50.01 -49.35 -49.19 -49.44 -49.54 -49.10 -48.26 -47.41 -47.21 -47.18 -46.81 -46.43 -45.76 -45.30 -45.96 -46.79 -47.19 -47.24 -46.52 -45.14 -43.37 -41.53 -39.83 -38.13 -36.32 -34.32 -32.40 -30.63 -28.98 -27.41 -25.82 -24.33 -22.70 -21.57 -21.76 -22.21 -22.33 -22.40 -22.25 -22.23 -22.91 -23.75 -23.88 -23.90 -24.70 -25.73 -26.74 -27.83 -28.60 -28.79 -28.79 -28.90 -28.48 -28.19 -28.27 -27.60 -26.56 -26.45 -27.94
-36.71 -37.10 -38.16 -39.64 -41.21 -42.61 -44.07 -45.50 -46.77 -48.25 -49.57 -50.29 -50.79 -50.84 -50.04 -48.84 -48.00 -47.94 -48.37 -48.76 -48.51 -47.18 -45.85 -45.62 -45.63 -45.25 -44.92 -44.17 -43.69 -44.82 -46.14 -46.74 -46.86 -46.14 -44.75 -42.97 -41.18 -39.73 -38.33 -36.47 -34.38 -32.72 -31.15 -29.42 -27.76 -26.14 -24.62 -22.57 -21.02 -21.63 -22.50 -22.56 -22.58 -22.44 -22.42 -23.12 -23.96 -24.08 -24.12 -24.86 -25.82 -26.88 -28.00 -28.59 -28.62 -28.76 -29.05 -29.23 -29.48 -28.72 -27.10 -26.17 -26.26 -27.61
-37.84 -38.27 -39.31 -40.67 -42.16 -43.61 -45.12 -46.56 -47.77 -48.63 -49.29 -50.03 -50.58 -50.41 -49.55 -48.13 -47.01 -47.12 -47.57 -47.66 -47.21 -46.03 -44.88 -44.33 -44.04 -43.75 -43.58 -43.14 -43.01 -44.18 -45.52 -46.27 -46.44 -45.78 -44.54 -42.54 -40.53 -39.54 -38.59 -36.90 -35.01 -33.18 -31.40 -29.83 -28.33 -26.48 -24.70 -23.14 -22.12 -22.39 -22.96 -23.02 -23.01 -23.06 -23.18 -23.60 -24.18 -24.31 -24.44 -25.27 -26.26 -27.26 -28.29 -28.29 -27.76 -28.39 -29.12 -29.17 -29.30 -28.60 -27.17 -26.45 -26.62 -27.82
-39.42 -39.82 -40.67 -41.73 -43.05 -44.55 -46.14 -47.64 -48.78 -49.00 -48.92 -49.63 -50.21 -49.94 -49.31 -47.95 -46.68 -46.86 -47.10 -46.65 -45.91 -44.91 -43.98 -43.17 -42.62 -42.40 -42.32 -42.14 -42.33 -43.53 -44.92 -45.84 -46.06 -45.52 -44.51 -42.39 -40.19 -39.65 -39.06 -37.47 -35.75 -33.78 -31.77 -30.37 -29.04 -26.96 -24.90 -23.80 -23.29 -23.26 -23.57 -23.70 -23.68 -23.86 -24.03 -24.09 -24.36 -24.56 -24.89 -25.93 -27.01 -27.90 -28.78 -28.13 -27.02 -28.10 -29.24 -29.11 -29.09 -28.59 -27.62 -27.38 -27.76 -28.65
-41.44 -41.65 -42.15 -42.91 -44.07 -45.57 -47.18 -48.59 -49.54 -49.76 -49.62 -49.72 -49.73 -49.47 -49.17 -47.84 -46.39 -46.70 -46.80 -45.79 -44.72 -43.57 -42.55 -41.87 -41.43 -40.57 -39.86 -40.46 -41.49 -42.72 -44.18 -45.36 -45.77 -45.23 -44.34 -42.80 -41.12 -40.41 -39.59 -37.39 -35.15 -34.06 -32.89 -31.37 -29.92 -27.41 -24.86 -23.89 -23.56 -23.74 -24.31 -24.69 -24.84 -24.84 -24.73 -24.54 -24.63 -25.04 -25.73 -26.78 -27.76 -28.51 -29.20 -29.07 -28.54 -28.92 -29.28 -29.18 -29.22 -28.89 -28.38 -28.50 -28.96 -29.52
-43.60 -43.66 -43.91 -44.50 -45.50 -46.91 -48.44 -49.66 -50.38 -50.62 -50.49 -50.04 -49.55 -49.20 -48.96 -47.41 -45.66 -46.22 -46.47 -45.17 -43.94 -42.66 -41.54 -40.97 -40.65 -39.14 -37.79 -39.15 -40.95 -42.13 -43.54 -44.90 -45.46 -44.87 -44.02 -42.97 -41.78 -40.92 -39.93 -37.22 -34.49 -34.32 -34.03 -32.46 -30.95 -28.07 -25.12 -24.36 -24.24 -24.59 -25.36 -25.91 -26.18 -26.01 -25.69 -25.32 -25.26 -25.81 -26.71 -27.65 -28.46 -29.07 -29.61 -30.05 -30.13 -29.81 -29.44 -29.41 -29.52 -29.24 -28.90 -29.10 -29.49 -29.84
-45.25 -45.46 -45.94 -46.51 -47.33 -48.57 -49.88 -50.83 -51.32 -51.30 -50.90 -50.28 -49.65 -49.10 -48.70 -47.53 -46.19 -46.13 -45.75 -44.61 -43.56 -42.46 -41.53 -40.87 -40.42 -39.65 -39.08 -39.96 -41.23 -42.28 -43.49 -44.55 -44.89 -44.38 -43.66 -42.92 -42.02 -41.05 -39.97 -38.12 -36.27 -35.59 -34.77 -33.29 -31.88 -29.82 -27.74 -26.86 -26.50 -26.47 -26.78 -27.26 -27.50 -26.93 -26.09 -25.67 -25.68 -26.18 -27.13 -28.25 -29.13 -29.69 -30.17 -29.97 -29.45 -29.71 -29.89 -29.50 -29.26 -29.26 -29.27 -29.21 -29.29 -29.73
-46.52 -47.01 -47.97 -48.78 -49.50 -50.50 -51.45 -52.01 -52.22 -51.94 -51.29 -50.52 -49.79 -49.08 -48.57 -47.83 -46.92 -46.22 -45.19 -44.19 -43.36 -42.50 -41.87 -41.20 -40.66 -40.67 -40.96 -41.42 -42.13 -42.90 -43.67 -44.18 -44.21 -43.79 -43.24 -42.84 -42.24 -41.13 -39.94 -38.95 -37.97 -36.76 -35.36 -33.92 -32.63 -31.51 -30.52 -29.73 -29.23 -28.76 -28.48 -28.75 -28.87 -27.77 -26.14 -25.41 -25.37 -25.93 -27.22 -28.79 -29.87 -30.37 -30.74 -29.85 -28.71 -29.54 -30.23 -29.44 -28.82 -29.17 -29.66 -29.49 -29.32 -29.84
-48.22 -48.66 -49.77 -51.12 -52.04 -52.48 -52.79 -53.03 -53.07 -52.52 -51.62 -50.70 -49.86 -48.99 -48.35 -48.07 -47.60 -46.74 -45.53 -44.33 -43.37 -42.66 -42.23 -41.66 -41.12 -41.36 -41.92 -42.27 -42.73 -43.31 -43.72 -43.87 -43.78 -43.42 -42.99 -42.54 -41.84 -40.88 -39.87 -39.02 -38.19 -37.12 -35.83 -34.47 -33.34 -32.25 -31.42 -31.31 -31.23 -30.82 -30.44 -30.31 -30.12 -28.94 -26.98 -25.34 -24.66 -25.51 -27.38 -29.26 -30.40 -30.83 -31.09 -30.52 -29.76 -30.19 -30.42 -29.71 -29.19 -29.12 -29.31 -29.34 -29.23 -29.78
-50.43 -50.69 -51.66 -53.25 -54.23 -54.16 -53.91 -53.95 -53.87 -53.09 -51.98 -50.95 -50.04 -49.03 -48.27 -48.44 -48.42 -47.43 -46.12 -44.78 -43.73 -43.16 -42.89 -42.37 -41.81 -42.21 -42.91 -43.01 -43.12 -43.57 -43.80 -43.74 -43.60 -43.26 -42.88 -42.30 -41.46 -40.63 -39.77 -39.02 -38.33 -37.42 -36.30 -35.11 -34.19 -33.04 -32.20 -32.59 -32.86 -32.55 -32.19 -31.77 -31.30 -30.15 -28.11 -25.81 -24.61 -25.65 -27.82 -29.77 -30.86 -31.24 -31.44 -31.26 -30.91 -30.96 -30.77 -30.18 -29.78 -29.22 -28.98 -29.08 -28.97 -29.57
-53.01 -53.31 -54.18 -54.79 -54.79 -55.12 -55.28 -54.80 -54.23 -53.59 -52.67 -51.40 -50.27 -49.57 -49.12 -48.94 -48.58 -47.71 -46.61 -45.37 -44.39 -44.01 -43.87 -43.57 -43.21 -43.35 -43.71 -43.79 -43.87 -44.00 -43.94 -43.78 -43.59 -43.28 -42.93 -42.41 -41.62 -40.11 -38.58 -38.48 -38.48 -37.69 -36.79 -35.79 -35.02 -34.46 -34.14 -33.74 -33.17 -33.40 -33.52 -32.95 -32.34 -31.23 -29.40 -27.30 -26.18 -26.86 -28.55 -30.45 -31.64 -31.33 -30.84 -31.37 -31.77 -31.67 -31.37 -30.20 -29.16 -29.07 -29.21 -29.40 -29.49 -29.82
-55.52 -55.83 -56.50 -56.03 -55.04 -55.82 -56.48 -55.54 -54.54 -54.08 -53.38 -51.90 -50.56 -50.18 -50.01 -49.44 -48.73 -48.02 -47.24 -46.20 -45.32 -45.07 -44.98 -44.79 -44.60 -44.48 -44.47 -44.52 -44.58 -44.43 -44.14 -43.90 -43.68 -43.40 -43.08 -42.60 -41.86 -39.65 -37.39 -37.89 -38.56 -37.91 -37.29 -36.56 -35.96 -35.91 -35.99 -34.71 -33.28 -34.03 -34.63 -33.93 -33.17 -32.28 -30.99 -29.44 -28.57 -28.76 -29.66 -31.21 -32.37 -31.36 -30.13 -31.35 -32.48 -32.28 -32.01 -30.41 -28.80 -29.10 -29.44 -29.54 -29.73 -29.87
-57.35 -57.41 -57.66 -57.59 -57.11 -57.21 -57.21 -56.35 -55.43 -54.41 -53.16 -52.07 -51.12 -50.62 -50.29 -49.61 -48.83 -48.30 -47.84 -47.20 -46.62 -46.29 -46.01 -45.74 -45.52 -45.23 -44.98 -44.64 -44.33 -44.22 -44.00 -43.87 -43.78 -43.53 -43.22 -42.65 -41.82 -40.32 -38.76 -38.58 -38.61 -38.12 -37.80 -37.48 -37.19 -37.08 -37.01 -36.38 -35.63 -35.71 -35.59 -34.86 -34.09 -33.28 -32.42 -31.48 -30.92 -30.90 -31.29 -32.08 -32.81 -32.29 -31.50 -32.13 -32.70 -32.39 -32.12 -31.57 -30.86 -30.57 -30.11 -29.64 -29.47 -29.60
-58.10 -57.98 -57.99 -58.52 -58.69 -58.19 -57.59 -56.87 -56.08 -54.52 -52.76 -52.06 -51.51 -50.91 -50.47 -49.72 -48.89 -48.48 -48.21 -47.81 -47.43 -47.00 -46.59 -46.29 -46.05 -45.64 -45.22 -44.59 -44.00 -43.99 -43.89 -43.89 -43.95 -43.72 -43.43 -42.77 -41.86 -41.09 -40.24 -39.39 -38.78 -38.36 -38.17 -38.08 -37.97 -37.77 -37.56 -37.61 -37.55 -36.97 -36.17 -35.48 -34.73 -33.91 -33.18 -32.58 -32.20 -32.14 -32.33 -32.70 -33.14 -33.13 -32.83 -32.90 -32.93 -32.45 -32.06 -32.44 -32.59 -31.82 -30.79 -29.98 -29.54 -29.63
-58.42 -58.25 -58.02 -57.85 -57.50 -57.30 -57.16 -56.71 -56.06 -54.76 -53.30 -52.50 -51.83 -51.21 -50.75 -50.06 -49.28 -48.74 -48.30 -47.62 -46.98 -46.85 -46.74 -46.34 -46.03 -45.75 -45.51 -45.09 -44.67 -44.50 -44.09 -43.51 -43.12 -42.90 -42.75 -42.49 -41.84 -41.23 -40.56 -39.72 -39.10 -38.41 -37.80 -37.63 -37.61 -37.52 -37.51 -37.63 -37.56 -37.02 -36.32 -35.62 -34.83 -34.17 -33.60 -32.96 -32.53 -32.53 -32.77 -33.11 -33.50 -33.59 -33.42 -33.38 -33.30 -32.75 -32.27 -32.65 -32.82 -32.13 -31.21 -30.14 -29.40 -29.76
-58.88 -58.48 -57.60 -56.29 -55.21 -55.44 -56.04 -56.15 -55.78 -54.79 -53.70 -52.90 -52.18 -51.60 -51.17 -50.59 -49.88 -49.17 -48.50 -47.46 -46.51 -46.67 -46.80 -46.27 -45.87 -45.76 -45.79 -45.67 -45.45 -44.95 -43.92 -42.43 -41.46 -41.38 -41.65 -42.05 -41.80 -41.36 -40.92 -40.13 -39.52 -38.42 -37.06 -36.50 -36.42 -36.56 -36.93 -37.31 -37.31 -36.87 -36.40 -35.83 -35.07 -34.61 -34.26 -33.63 -33.16 -33.21 -33.47 -33.72 -34.01 -34.15 -34.10 -33.97 -33.78 -33.14 -32.54 -32.87 -33.07 -32.51 -31.83 -30.60 -29.60 -30.15
