5 Erosion Sim/106341437.asc
nrows 512
ncols 512
xllcenter 0.000000
yllcenter 0.000000
cellsize 5.000000
NODATA_value  -9999
[rows 330 to 359 of 512, columns 134 to 200 of 512]
794.04 808.04 817.55 821.01 820.93 811.80 805.26 828.29 853.41 838.18 823.29 834.63 849.02 857.33 866.22 877.80 887.75 900.32 916.63 942.90 973.92 1003.17 1032.54 1054.85 1074.49 1091.92 1104.90 1124.30 1148.63 1165.03 1170.65 1163.68 1147.86 1139.49 1142.01 1147.93 1158.89 1171.83 1178.64 1178.26 1173.27 1172.46 1179.99 1184.81 1188.99 1198.80 1208.48 1216.74 1224.10 1230.89 1237.21 1250.54 1269.10 1282.52 1293.36 1309.44 1329.66 1348.11 1360.21 1375.91 1394.09 1404.30 1422.90 1455.46 1484.98 1497.92 1505.69
800.68 803.32 801.66 802.48 799.16 796.86 797.57 804.23 812.54 806.37 801.30 813.86 832.64 850.04 865.31 875.86 882.96 892.90 908.40 932.83 961.67 989.91 1017.58 1040.39 1059.85 1075.90 1088.67 1113.72 1148.81 1181.04 1197.74 1182.50 1154.12 1134.85 1129.82 1140.30 1160.44 1181.35 1192.05 1187.25 1173.28 1162.63 1165.00 1174.49 1184.01 1194.69 1205.28 1214.13 1221.73 1229.13 1235.90 1246.34 1259.03 1269.96 1280.21 1290.55 1302.06 1313.72 1322.86 1337.12 1356.62 1376.31 1400.15 1429.95 1459.34 1475.79 1485.89
807.00 798.66 786.02 784.41 778.28 783.22 791.33 781.81 773.81 777.21 782.22 794.69 814.95 838.53 858.84 869.17 875.24 884.34 899.79 922.06 948.09 974.64 1000.10 1023.41 1043.15 1058.35 1071.16 1099.77 1141.04 1184.60 1210.54 1189.20 1152.56 1126.65 1116.05 1129.30 1154.53 1179.32 1192.18 1185.27 1167.15 1151.45 1150.84 1164.94 1179.70 1191.20 1202.75 1212.41 1220.60 1228.89 1236.23 1244.67 1253.45 1263.79 1274.12 1279.84 1285.52 1293.33 1300.87 1311.86 1328.55 1353.52 1380.44 1406.05 1432.68 1450.13 1461.45
776.53 774.90 770.20 770.51 767.96 774.77 782.85 782.96 783.13 776.52 773.30 782.51 799.30 823.12 844.25 857.50 867.05 878.06 894.84 916.17 940.72 969.25 996.04 1017.40 1035.09 1049.56 1062.47 1085.30 1118.88 1155.07 1176.16 1162.97 1136.44 1114.95 1105.78 1116.46 1137.52 1158.82 1170.35 1167.55 1156.88 1147.11 1149.02 1164.74 1180.91 1191.60 1203.28 1213.27 1221.66 1232.61 1242.17 1251.11 1259.84 1266.60 1272.69 1278.03 1282.95 1287.75 1293.71 1303.67 1317.80 1341.28 1366.52 1385.59 1405.84 1422.37 1434.26
747.05 749.20 751.13 755.26 760.46 773.34 783.36 791.63 796.67 776.69 763.73 769.21 781.47 804.43 825.79 842.33 856.31 870.19 888.63 909.20 932.91 964.12 992.66 1011.98 1027.23 1040.55 1053.36 1067.96 1088.44 1111.82 1125.54 1122.72 1111.27 1099.24 1093.93 1100.28 1113.02 1126.63 1134.94 1139.58 1143.63 1147.04 1154.78 1171.33 1187.16 1195.25 1206.11 1216.21 1224.56 1237.97 1249.63 1259.41 1268.93 1273.05 1275.46 1280.05 1283.02 1283.55 1287.36 1296.14 1307.42 1329.21 1352.96 1365.68 1379.41 1394.77 1407.12
734.44 732.74 733.67 742.06 755.49 771.70 780.94 778.45 769.38 752.48 746.13 754.05 767.89 788.67 808.91 824.16 837.99 854.65 874.68 896.91 922.41 951.61 977.29 995.17 1008.54 1020.18 1032.21 1045.52 1059.73 1073.41 1082.83 1088.77 1090.88 1087.52 1085.47 1085.98 1088.81 1095.92 1102.16 1112.83 1130.17 1145.88 1158.60 1171.93 1183.24 1189.79 1200.87 1214.03 1225.32 1242.22 1257.15 1264.35 1271.49 1276.37 1278.60 1280.13 1278.79 1279.41 1285.21 1300.73 1317.42 1323.27 1331.37 1343.93 1357.22 1377.21 1395.49
718.82 716.16 717.48 728.36 746.12 761.80 768.66 757.18 737.61 727.32 729.20 739.95 756.24 775.62 794.93 808.11 820.38 838.40 859.26 882.81 909.72 936.74 959.87 977.15 989.70 1000.58 1012.20 1026.52 1039.46 1048.31 1055.37 1067.34 1077.69 1077.89 1076.98 1073.84 1071.16 1076.07 1082.11 1095.40 1118.67 1139.35 1153.70 1164.43 1172.53 1178.71 1190.19 1205.88 1219.65 1239.71 1257.70 1262.09 1266.54 1272.12 1274.62 1274.54 1271.02 1273.64 1282.27 1305.09 1328.53 1320.10 1314.08 1328.00 1342.51 1368.48 1393.27
704.27 705.31 708.00 715.44 726.31 736.35 741.14 733.07 718.25 711.09 714.65 724.74 741.28 763.79 785.32 796.91 806.70 823.42 843.77 868.88 896.74 925.94 951.79 967.73 979.49 989.77 1000.29 1013.03 1024.69 1035.09 1043.65 1055.52 1065.64 1064.08 1061.40 1062.70 1064.66 1076.93 1090.25 1092.80 1103.96 1125.88 1142.67 1151.69 1158.33 1166.29 1178.77 1193.12 1205.86 1221.80 1235.91 1243.80 1251.43 1256.98 1260.01 1261.30 1260.20 1262.87 1270.25 1288.34 1308.20 1310.94 1314.80 1328.25 1340.91 1357.37 1374.23
694.01 703.80 710.25 710.82 707.26 704.20 703.75 700.84 694.08 693.27 699.96 710.29 729.15 756.85 781.56 790.75 796.16 809.60 828.37 854.18 881.41 911.16 938.80 953.60 965.46 976.12 986.01 997.45 1008.54 1021.38 1032.32 1044.74 1055.12 1052.17 1048.02 1054.24 1061.55 1081.99 1103.27 1094.32 1090.96 1111.54 1129.57 1137.11 1142.66 1152.32 1164.69 1176.12 1186.64 1197.72 1207.66 1218.69 1228.83 1233.87 1237.61 1242.08 1246.50 1252.12 1259.54 1274.05 1292.82 1309.10 1323.64 1334.75 1342.07 1345.68 1353.24
688.23 705.04 713.78 712.25 699.09 678.23 667.88 674.03 679.20 676.06 677.10 692.72 718.93 747.86 771.79 784.91 792.22 799.51 813.75 836.83 859.95 883.78 906.72 923.65 938.95 958.57 976.48 986.17 996.43 1010.16 1021.99 1035.05 1045.75 1044.52 1041.89 1046.60 1052.95 1067.71 1083.14 1084.27 1087.89 1100.60 1113.19 1122.72 1130.17 1138.82 1148.22 1157.73 1167.19 1176.87 1186.55 1198.43 1208.97 1212.75 1216.53 1226.16 1238.02 1246.16 1253.00 1268.82 1291.28 1313.67 1331.44 1341.53 1344.87 1342.10 1346.95
676.17 694.13 702.54 702.48 687.63 656.88 640.31 654.28 668.52 660.12 654.18 674.18 705.74 733.87 756.06 773.89 784.90 787.78 798.18 818.89 838.92 857.84 876.43 894.78 912.19 939.48 964.85 972.72 982.05 996.65 1009.55 1023.69 1035.30 1036.32 1035.55 1038.86 1044.28 1053.42 1063.16 1075.94 1089.64 1097.51 1106.02 1116.73 1124.27 1129.94 1135.11 1141.93 1149.43 1156.96 1166.04 1179.29 1191.43 1195.21 1199.73 1213.61 1230.63 1238.94 1244.13 1259.96 1283.25 1308.87 1328.50 1338.91 1341.41 1335.41 1339.10
642.89 660.36 671.10 669.84 656.36 631.68 619.08 629.09 639.66 639.07 640.10 657.84 685.81 715.06 739.67 754.60 763.83 774.96 792.02 807.72 822.31 845.45 868.57 879.71 890.07 912.74 933.85 943.70 955.63 974.39 991.95 1004.98 1015.61 1021.85 1025.57 1030.88 1038.48 1048.88 1060.07 1078.72 1098.00 1105.52 1113.10 1122.24 1126.52 1129.77 1131.89 1130.97 1131.52 1135.58 1142.68 1154.42 1165.81 1174.65 1184.43 1196.75 1211.42 1223.26 1231.85 1246.26 1266.56 1288.78 1306.07 1314.41 1316.60 1317.48 1327.16
600.71 614.10 625.53 625.27 617.95 604.12 597.59 603.96 611.75 619.85 628.26 642.32 663.57 690.77 716.26 729.41 739.55 761.63 786.50 796.81 805.23 831.90 859.21 863.09 866.36 884.38 901.20 912.84 926.96 949.41 971.39 983.42 993.50 1005.45 1013.95 1021.19 1030.66 1041.98 1054.43 1078.89 1103.68 1110.78 1117.40 1125.14 1126.58 1128.01 1127.68 1119.79 1114.36 1115.76 1121.22 1131.42 1141.98 1155.73 1170.57 1180.50 1191.38 1205.36 1216.73 1228.63 1243.64 1260.19 1274.26 1282.29 1287.71 1298.95 1316.25
572.20 571.92 574.18 583.63 591.12 583.56 578.49 587.90 599.60 608.59 616.66 630.22 647.85 665.47 684.28 701.56 718.53 740.94 763.07 775.42 785.17 809.38 834.93 840.85 846.33 861.68 876.19 890.92 908.41 926.85 945.47 961.04 975.16 989.91 1000.46 1010.52 1022.66 1033.35 1045.48 1066.04 1086.63 1097.95 1108.33 1116.90 1118.17 1116.14 1111.88 1106.61 1104.63 1104.32 1108.64 1120.14 1132.54 1142.85 1154.31 1166.74 1178.76 1192.44 1204.32 1216.80 1229.73 1238.83 1247.94 1256.80 1266.54 1281.09 1298.80
554.13 544.65 539.71 556.58 573.78 567.32 561.14 572.78 587.10 595.78 602.96 617.32 634.17 644.98 658.19 677.99 698.66 718.33 736.31 750.98 762.74 785.23 809.42 817.53 825.36 838.16 850.39 868.25 889.14 903.43 918.33 936.70 953.93 970.70 982.97 995.95 1010.92 1021.02 1032.63 1048.96 1065.09 1080.43 1094.48 1104.24 1106.30 1102.20 1095.66 1094.51 1096.99 1095.53 1098.87 1111.44 1125.14 1131.28 1138.60 1153.35 1167.11 1181.26 1194.04 1208.35 1222.06 1226.72 1232.60 1241.40 1252.71 1267.67 1284.45
530.37 526.82 527.59 537.47 547.80 550.46 553.96 563.63 575.91 587.57 597.04 608.85 622.44 633.73 646.98 669.93 693.73 708.31 721.77 735.08 745.83 764.01 784.24 793.28 802.12 814.94 826.94 843.20 862.04 879.59 897.93 914.80 930.64 947.29 960.27 973.18 987.95 1001.65 1016.72 1033.81 1050.53 1068.37 1084.76 1092.42 1092.91 1090.97 1086.38 1080.25 1077.29 1077.92 1083.42 1096.66 1111.77 1125.08 1138.75 1150.67 1161.40 1172.14 1181.87 1192.49 1202.33 1209.47 1218.46 1232.59 1249.43 1263.32 1278.83
510.29 513.18 519.86 522.85 526.78 539.60 554.56 564.56 576.99 593.26 605.65 614.43 623.49 633.41 644.46 668.18 692.97 700.88 709.23 721.52 732.17 747.42 765.45 777.34 788.96 803.10 815.36 829.26 844.13 862.38 881.51 894.17 906.00 920.52 933.37 946.06 960.34 977.24 995.29 1012.67 1029.58 1049.63 1068.23 1074.34 1074.54 1076.36 1075.16 1064.85 1056.72 1059.40 1066.98 1081.62 1099.72 1121.70 1142.19 1150.70 1157.56 1164.14 1170.50 1177.04 1182.21 1191.10 1203.05 1222.97 1245.92 1259.23 1273.66
499.30 506.08 515.98 517.52 521.05 540.50 563.56 574.87 588.26 609.71 625.03 631.27 635.70 643.04 650.51 660.34 671.64 678.44 687.79 700.23 712.42 728.39 748.02 771.81 795.10 809.42 820.32 831.92 842.21 855.47 869.48 876.23 882.52 892.83 904.11 917.92 932.92 950.83 969.66 984.90 999.60 1017.40 1033.87 1043.11 1048.03 1052.80 1054.27 1049.29 1045.40 1050.05 1059.35 1072.16 1089.95 1113.02 1132.73 1138.84 1142.90 1150.21 1158.17 1166.46 1172.84 1183.30 1198.06 1215.38 1236.02 1253.06 1270.61
485.55 496.06 509.10 509.70 514.10 541.64 573.90 587.08 601.71 628.47 646.73 650.16 649.33 653.29 656.39 651.70 649.08 654.52 664.87 677.80 692.23 709.80 731.82 768.12 803.52 818.28 827.91 837.15 842.70 850.58 858.73 858.85 859.22 865.14 874.73 889.48 904.97 923.65 942.99 955.85 968.16 983.57 997.87 1010.05 1019.31 1026.76 1031.01 1032.11 1033.54 1041.17 1052.63 1062.77 1078.38 1100.65 1118.65 1122.52 1124.22 1132.73 1142.52 1153.02 1161.65 1174.74 1192.81 1207.41 1225.44 1245.85 1266.32
467.52 474.62 483.88 491.20 505.62 534.19 567.11 591.79 616.39 648.08 669.83 679.07 681.07 669.04 655.75 643.66 634.59 636.83 646.01 660.80 679.57 702.10 729.16 762.10 793.16 814.94 830.37 838.86 841.76 843.70 844.88 839.94 836.11 840.12 850.35 864.73 879.42 895.92 912.86 927.60 942.72 959.26 973.98 987.01 997.42 1004.90 1010.39 1017.14 1023.60 1029.03 1037.37 1046.24 1059.54 1079.66 1096.11 1103.57 1109.90 1117.46 1125.75 1138.03 1151.17 1166.02 1183.80 1199.54 1216.17 1238.81 1263.65
448.54 451.74 456.97 471.90 498.23 529.56 563.45 598.08 630.24 664.65 688.91 703.63 707.87 679.50 650.20 631.85 617.70 617.93 626.52 643.81 668.01 696.45 728.67 757.27 782.51 809.92 830.56 838.81 840.29 837.69 832.93 823.52 815.85 818.10 828.89 842.73 856.50 870.75 885.25 902.79 922.79 942.51 958.59 971.53 981.00 986.32 991.83 1003.62 1014.26 1016.76 1021.66 1028.60 1038.14 1054.68 1069.01 1081.09 1094.12 1102.76 1110.49 1126.75 1149.18 1170.53 1190.06 1204.22 1213.78 1233.00 1259.55
432.85 439.24 447.68 461.23 489.96 529.11 568.86 606.95 640.40 668.89 687.57 697.71 694.76 670.19 645.25 620.33 600.61 599.89 608.38 624.53 650.06 682.36 717.53 755.54 788.82 808.04 820.47 828.71 829.55 827.21 821.49 808.32 797.31 796.55 806.00 821.07 835.81 850.51 865.36 884.22 907.63 936.00 958.82 965.94 968.47 973.90 981.59 990.21 996.93 1001.26 1007.80 1013.82 1020.70 1035.77 1050.10 1059.92 1072.75 1086.44 1097.47 1119.92 1153.75 1184.28 1208.18 1217.61 1216.96 1223.18 1241.96
422.43 431.95 443.55 454.05 481.33 523.92 566.17 606.26 640.76 663.65 676.99 683.58 676.00 658.45 640.83 611.56 587.92 587.33 596.23 610.44 635.07 668.50 704.36 750.58 791.48 802.48 806.78 815.17 815.99 815.10 810.31 795.68 783.34 780.94 789.39 805.50 821.18 836.44 851.79 871.27 896.24 931.33 960.03 961.89 958.58 964.96 974.53 979.07 981.38 987.37 995.55 1001.45 1007.44 1022.89 1038.30 1045.31 1056.28 1073.26 1086.77 1113.08 1153.08 1187.46 1212.99 1219.64 1213.72 1211.96 1225.15
415.42 424.34 434.88 445.84 472.24 512.33 552.73 591.25 624.74 650.97 667.77 672.10 662.97 642.99 622.93 599.61 581.48 580.22 588.14 601.64 624.96 657.13 691.71 733.92 771.42 786.44 794.79 802.42 802.66 800.57 794.98 785.19 777.73 773.92 780.38 796.54 812.27 827.25 842.33 861.42 885.36 915.78 940.44 944.97 945.06 951.63 960.94 967.75 972.50 983.06 995.35 1000.26 1005.04 1019.47 1033.91 1039.20 1048.04 1066.01 1081.14 1101.98 1135.65 1170.29 1197.07 1209.94 1211.51 1208.44 1218.84
410.32 419.80 429.91 440.16 462.69 496.71 532.39 567.68 599.23 628.42 648.60 651.41 642.56 622.55 602.53 587.21 576.03 574.94 582.10 594.20 614.56 643.32 674.36 710.88 744.16 762.91 775.27 782.32 782.54 780.28 775.47 772.51 771.91 768.22 773.30 789.53 805.36 820.10 834.92 853.00 874.50 898.82 918.80 926.71 931.86 940.51 950.93 961.07 969.49 985.61 1002.33 1005.90 1008.81 1021.41 1034.14 1036.60 1041.74 1059.30 1075.42 1089.93 1115.39 1148.54 1175.99 1196.77 1209.09 1207.83 1216.76
408.31 417.38 425.99 435.84 454.23 481.19 510.96 542.45 571.64 595.38 611.07 614.57 608.78 595.90 583.26 576.06 571.77 572.57 580.10 589.62 605.30 629.63 655.94 685.35 713.16 732.84 746.98 756.92 761.08 758.94 755.35 759.28 765.44 764.00 769.36 791.04 812.33 821.01 829.77 848.34 868.90 887.52 903.21 916.34 928.60 938.62 949.50 962.17 973.37 987.29 1000.45 1005.84 1009.93 1024.09 1038.45 1039.34 1042.11 1054.49 1067.01 1083.78 1109.71 1136.81 1160.40 1180.14 1194.19 1202.75 1218.09
407.51 415.40 422.26 432.47 448.22 469.42 493.47 520.13 545.55 562.57 573.24 577.47 574.85 569.37 564.69 566.61 570.38 574.04 582.32 589.16 599.99 619.51 640.49 661.59 682.29 701.45 716.73 729.97 738.99 738.08 736.58 747.83 760.90 761.70 767.33 794.47 821.23 823.86 826.55 846.27 867.33 881.67 893.72 911.60 929.99 940.45 951.50 966.70 980.32 991.59 1000.93 1008.09 1013.33 1029.00 1044.82 1044.36 1045.57 1053.64 1062.96 1082.98 1111.56 1134.81 1155.58 1173.01 1185.88 1201.29 1221.64
404.77 413.16 421.15 432.27 446.82 461.76 478.68 504.66 530.10 540.27 546.09 553.05 555.69 554.19 553.95 559.80 566.66 573.18 581.99 590.75 602.45 619.39 636.12 651.76 669.10 689.67 707.12 716.86 722.55 726.04 731.21 740.42 750.13 756.18 765.95 787.81 809.58 819.32 828.86 848.28 868.96 882.68 894.14 910.49 928.36 943.74 959.78 976.23 990.43 1002.37 1011.74 1022.96 1032.26 1047.85 1062.91 1056.53 1051.94 1056.19 1062.50 1081.70 1109.09 1135.45 1160.16 1180.03 1195.50 1210.02 1228.57
403.46 410.56 418.93 431.31 445.42 455.01 465.69 491.85 518.13 522.06 523.29 533.09 541.09 543.47 547.14 556.10 565.32 574.17 583.28 595.10 610.27 627.42 641.56 653.77 671.32 696.70 717.84 722.29 720.67 724.40 733.99 739.85 744.14 753.49 766.57 783.44 800.82 818.29 834.94 853.99 874.15 887.11 897.93 912.83 930.36 950.74 971.59 988.60 1002.36 1014.03 1022.99 1038.78 1053.40 1070.20 1085.18 1072.87 1062.27 1062.45 1065.65 1083.23 1107.68 1135.38 1163.07 1185.55 1204.27 1218.59 1235.62
407.95 410.80 416.61 433.34 450.63 454.90 459.55 478.17 497.41 502.93 506.85 517.40 528.06 536.36 545.77 557.83 569.56 581.13 591.53 603.09 618.95 638.69 652.83 663.56 683.10 710.47 731.96 733.25 725.99 724.12 732.12 741.90 748.19 756.94 769.85 788.37 808.01 824.28 839.12 856.78 875.40 890.78 904.13 919.25 937.84 959.35 981.05 1003.23 1021.24 1038.13 1052.43 1056.84 1060.97 1069.48 1074.92 1069.38 1065.41 1068.28 1074.98 1090.79 1111.97 1134.63 1158.87 1184.04 1206.15 1223.39 1242.15
