5 Erosion Sim/106341437.asc
nrows 512
ncols 512
xllcenter 0.000000
yllcenter 0.000000
cellsize 5.000000
NODATA_value  -9999
[rows 0 to 29 of 512, columns 201 to 267 of 512]
462.67 465.04 457.78 447.12 438.77 431.45 425.51 422.54 425.79 436.04 462.29 490.92 499.62 503.37 508.33 509.86 510.95 506.79 490.09 470.37 452.16 433.96 420.93 413.51 411.12 406.86 394.85 382.44 373.10 362.11 349.73 336.29 322.45 306.88 289.53 272.57 262.23 255.49 243.72 234.60 232.81 231.38 221.93 213.47 216.91 225.22 235.23 240.61 243.46 244.56 236.50 230.59 224.30 214.76 206.80 202.28 205.43 211.28 221.85 231.45 229.31 228.63 238.65 248.16 267.82 286.00 269.91
464.58 466.97 457.50 445.78 436.16 427.33 421.49 418.65 424.33 436.75 464.11 493.70 496.12 494.52 500.57 502.67 507.42 506.62 487.02 464.99 448.20 431.55 419.18 411.97 409.00 404.48 394.32 383.65 375.14 365.17 353.34 340.08 325.13 308.49 291.19 274.18 261.14 252.03 244.69 239.72 240.84 241.90 228.89 217.20 219.05 225.37 233.21 236.91 236.46 233.85 226.86 222.44 218.46 211.87 207.31 205.53 207.74 212.81 220.26 226.73 228.37 231.93 241.63 250.18 263.14 274.87 267.63
465.84 466.26 452.71 439.42 428.94 418.71 412.92 410.18 418.04 431.95 459.42 488.72 484.41 478.16 486.35 489.60 497.78 499.88 477.14 453.31 439.17 425.42 414.79 408.26 405.04 401.01 393.64 385.54 378.78 370.97 360.68 348.05 332.12 314.53 297.34 280.25 264.70 253.81 251.51 250.99 254.62 257.19 239.56 223.93 223.41 226.49 230.96 232.45 228.25 220.98 214.12 210.75 209.71 207.51 207.77 209.39 210.82 215.51 220.35 224.24 230.66 240.00 250.78 258.96 265.41 271.32 273.91
461.00 455.35 439.62 426.69 424.15 421.28 410.57 402.80 408.53 419.30 435.40 452.87 456.84 461.07 471.29 475.93 478.32 474.34 457.61 441.18 429.03 417.42 411.55 408.42 403.82 399.34 395.92 391.64 384.37 376.43 368.06 356.30 341.20 324.42 307.45 290.34 276.96 268.96 263.60 259.44 257.75 253.92 240.66 230.05 228.03 228.75 230.93 231.34 230.77 226.23 223.85 225.90 218.56 211.50 209.94 208.31 211.50 218.47 226.30 233.23 242.31 255.29 266.80 274.13 282.03 290.40 296.41
451.87 442.78 427.51 416.29 422.11 427.19 412.09 399.52 402.98 410.24 414.51 419.67 430.70 443.27 453.48 458.64 455.88 447.20 437.93 429.80 419.78 410.17 408.81 408.98 402.91 397.77 398.18 397.79 390.04 381.68 374.89 363.88 349.58 333.48 316.57 299.37 287.83 282.01 272.88 264.79 258.10 248.57 240.35 234.98 231.76 230.94 231.68 231.39 234.84 233.93 236.93 244.80 230.49 217.13 212.31 206.79 211.73 221.00 231.86 241.94 253.34 268.95 280.16 286.13 295.61 306.85 316.79
440.92 432.04 420.54 413.01 415.59 417.69 410.71 405.16 404.16 404.90 406.50 409.39 417.27 426.93 434.44 438.44 437.26 431.84 429.86 428.58 428.95 429.98 421.49 412.90 405.14 398.51 399.19 399.81 396.46 391.75 385.68 375.34 359.25 340.91 325.13 309.21 295.70 287.53 279.65 273.33 265.39 255.23 247.87 242.21 236.82 232.83 230.37 228.27 227.99 224.51 223.29 225.81 221.12 219.11 220.19 218.86 224.09 231.59 236.70 243.72 253.57 267.17 281.36 290.02 298.84 310.88 322.48
430.01 421.76 414.39 410.63 410.34 410.46 412.63 414.57 408.43 401.19 398.77 399.05 404.02 410.68 415.27 418.04 419.10 418.39 425.04 431.06 442.12 454.86 440.38 423.58 413.62 404.32 404.05 405.03 405.35 402.93 396.27 386.04 367.97 346.91 331.79 317.01 301.22 289.91 282.47 277.56 269.40 260.92 256.74 251.91 243.37 233.95 225.97 221.01 218.13 214.58 211.63 209.93 216.56 229.66 240.40 244.98 247.90 247.92 241.51 242.74 250.59 261.45 277.92 288.97 297.12 309.97 323.10
420.64 415.52 409.60 406.89 408.14 410.73 414.05 415.62 410.18 401.11 397.03 397.15 395.54 395.41 398.30 400.71 405.11 409.94 416.22 420.45 431.69 445.70 444.08 438.16 424.68 411.23 410.84 412.94 411.05 405.11 396.43 385.05 374.48 360.24 336.28 313.15 296.89 284.22 277.25 273.75 267.39 262.68 261.37 257.08 246.90 233.52 221.39 214.83 213.89 214.81 221.47 226.87 231.82 247.03 266.49 276.04 269.87 255.46 241.04 239.93 248.47 259.34 276.90 289.27 294.54 305.65 322.70
412.09 409.33 403.98 401.60 403.40 406.92 409.99 410.56 406.92 398.61 395.77 397.86 391.24 385.99 388.53 391.14 397.94 406.12 409.59 410.34 420.20 433.32 442.62 446.76 430.11 413.23 413.27 416.38 412.25 403.51 393.68 381.58 378.84 372.12 340.07 309.06 292.93 279.95 274.47 272.83 267.35 264.39 264.03 259.61 249.20 234.52 220.81 213.81 213.65 216.51 230.24 241.58 243.10 256.63 281.03 293.84 280.98 257.41 240.12 238.69 247.64 258.60 277.48 291.30 293.25 301.49 321.02
405.65 401.66 398.59 398.49 398.72 401.28 405.13 405.75 401.84 393.24 388.76 389.41 386.04 385.28 390.72 394.98 399.42 403.54 405.63 406.78 413.64 423.44 432.82 437.19 424.85 412.14 411.51 413.83 408.56 399.68 392.38 382.23 375.05 363.72 340.49 318.63 301.05 286.42 277.48 272.27 267.56 264.78 264.38 260.53 253.20 242.29 226.55 216.63 219.07 225.40 243.37 258.07 251.51 254.40 274.09 284.84 273.82 254.05 240.47 240.56 249.95 261.34 276.79 287.33 292.59 303.71 321.14
397.31 391.91 390.94 392.92 392.12 395.06 401.08 402.36 398.12 389.06 382.84 382.14 383.48 390.08 401.26 408.43 408.81 405.15 402.23 402.31 406.23 412.37 421.41 425.81 417.57 408.48 406.31 406.69 399.92 391.74 388.12 380.51 368.72 352.45 337.88 325.39 306.81 290.79 278.49 269.75 265.29 261.59 260.13 256.65 253.57 248.50 232.66 220.71 226.64 238.35 262.48 281.34 264.02 250.50 259.72 265.80 258.63 247.01 241.36 244.59 253.89 265.19 276.82 283.94 292.07 305.01 319.15
384.90 376.84 376.20 378.51 389.53 405.72 405.80 399.70 396.79 389.02 379.99 376.89 383.55 398.11 413.82 422.65 420.06 409.80 400.85 398.89 402.04 406.66 412.80 414.61 407.88 399.48 395.67 393.91 388.96 384.91 383.34 376.95 362.51 343.39 326.44 312.37 297.11 284.00 274.23 267.71 263.02 258.02 254.22 249.83 246.28 242.30 234.51 228.56 233.77 246.65 265.97 278.03 264.88 249.88 247.33 247.45 248.43 249.13 246.75 248.41 257.05 267.74 279.75 287.80 293.24 302.28 318.25
375.44 364.72 364.41 367.00 389.10 417.01 409.65 395.49 394.06 387.93 376.45 371.17 381.99 401.88 419.47 428.74 424.96 412.04 401.06 398.92 401.67 405.48 409.40 408.92 403.52 395.36 389.36 384.96 380.53 378.31 376.60 370.44 353.66 332.44 313.91 298.71 287.05 277.22 270.31 266.16 261.91 257.07 252.43 247.91 243.29 238.85 237.53 236.86 240.48 252.56 265.09 269.44 263.04 252.24 243.61 240.36 247.33 255.60 251.69 249.53 257.40 267.45 279.86 288.86 291.91 297.65 315.97
370.70 361.57 360.06 361.55 373.89 390.76 390.35 384.46 386.23 384.45 374.01 368.98 378.15 395.57 413.29 423.22 425.08 421.28 423.38 431.25 424.50 416.12 415.67 413.02 412.61 408.51 393.80 380.06 373.56 370.47 368.36 362.27 347.83 328.74 309.77 295.00 285.33 277.18 270.83 266.76 262.82 258.72 255.44 252.31 248.51 244.90 245.48 246.11 253.31 267.42 271.42 268.67 262.48 252.79 245.05 241.97 245.36 249.62 248.29 248.39 254.75 263.01 273.66 281.85 285.20 291.31 305.07
369.57 361.60 358.51 358.72 360.01 363.06 366.81 367.93 373.77 378.23 370.69 366.70 373.36 386.56 402.66 412.45 423.07 435.30 457.35 478.27 459.33 433.02 422.46 415.08 420.00 420.76 398.25 375.81 368.38 366.45 365.86 360.68 347.76 329.07 307.87 292.60 284.62 277.75 271.61 267.48 263.89 260.63 258.78 257.02 254.11 251.65 254.48 256.60 265.98 278.99 271.33 260.09 255.02 248.32 243.38 241.33 241.29 241.93 243.60 246.29 250.91 256.59 264.64 271.67 276.09 284.23 295.14
373.06 368.66 360.76 356.48 358.00 358.48 365.19 372.09 366.26 361.16 361.93 364.37 370.12 380.71 394.62 403.73 417.16 439.38 467.55 487.65 475.09 449.44 428.47 416.12 415.69 410.94 393.19 374.74 368.71 370.14 371.11 366.55 352.47 331.36 307.36 290.99 283.66 277.08 271.31 267.41 265.02 263.33 261.98 260.63 259.30 258.72 260.39 260.72 264.07 267.80 259.60 250.98 247.52 244.31 242.30 241.39 242.06 243.36 248.06 253.41 252.58 251.93 256.23 260.81 268.11 280.27 293.42
375.35 374.83 362.51 353.95 357.00 357.76 370.26 384.24 365.80 349.03 355.94 363.67 369.00 378.41 391.59 400.69 413.63 438.61 465.59 481.35 477.39 457.75 431.82 417.00 411.25 401.16 388.68 375.14 370.92 375.05 376.58 372.10 357.39 335.05 309.33 291.98 284.83 278.27 272.75 269.07 267.71 267.22 265.90 264.53 264.25 264.86 264.79 263.09 261.96 259.72 254.29 249.89 247.32 245.86 245.00 244.41 245.81 247.85 255.79 264.24 258.96 253.47 255.38 258.15 267.86 282.98 297.48
365.88 364.27 356.24 351.37 352.87 352.44 359.32 367.35 357.12 348.90 355.16 361.97 368.26 377.94 393.61 405.88 415.53 435.22 461.04 477.54 470.44 449.80 430.84 420.92 413.55 402.29 391.18 378.93 376.77 381.84 378.81 370.56 357.33 337.34 313.80 297.67 301.00 304.98 289.81 276.49 283.13 290.42 280.65 270.81 270.56 271.57 271.77 270.11 268.20 265.50 261.19 257.66 255.13 252.93 252.45 252.90 252.20 252.24 262.80 273.86 267.53 261.08 264.38 268.45 275.05 286.78 301.74
351.23 349.78 347.29 346.65 346.87 345.95 347.95 350.38 348.69 349.78 356.21 362.57 369.32 377.91 394.70 409.54 413.95 423.94 444.12 459.17 450.77 433.59 426.10 423.15 414.61 403.26 394.90 385.21 385.18 389.91 380.76 368.00 357.16 341.44 321.91 307.71 321.33 335.72 310.85 287.88 302.32 316.90 298.00 278.97 278.41 279.98 280.74 279.21 276.74 274.25 271.80 269.63 266.63 262.26 260.66 261.47 258.76 256.99 270.41 284.27 277.12 270.01 274.99 280.52 283.79 291.44 305.85
341.17 341.21 340.94 341.19 341.96 342.39 345.16 347.67 348.08 352.08 362.93 373.10 377.81 382.82 390.91 398.46 403.17 408.94 419.15 428.39 425.66 418.92 418.58 418.36 412.31 404.81 398.99 391.76 392.97 396.39 386.00 373.34 362.16 347.88 333.05 321.42 326.78 333.07 325.33 319.59 316.12 312.10 299.86 287.37 291.51 298.70 295.14 289.02 286.69 285.19 284.41 283.43 280.17 273.83 267.69 265.37 264.86 265.56 273.90 282.65 280.62 278.79 283.71 288.93 292.95 300.30 314.38
336.30 336.48 337.09 337.61 338.55 339.53 342.31 344.55 346.78 353.08 367.74 381.51 384.95 387.98 388.97 389.99 396.96 402.73 407.19 412.48 413.20 412.14 414.22 414.58 410.92 407.10 403.74 399.15 403.01 407.71 398.60 387.18 374.73 359.85 347.63 337.59 334.59 332.63 341.87 353.32 331.92 309.25 303.56 297.40 305.64 317.42 308.56 297.38 294.87 293.77 294.10 294.09 291.37 284.75 275.75 271.05 272.72 275.81 279.02 282.67 285.75 289.11 293.86 298.73 303.43 310.25 323.67
340.74 339.28 339.08 339.22 339.81 340.14 343.53 346.80 349.94 357.18 366.22 374.61 379.95 384.54 387.66 391.02 397.37 402.35 407.96 414.11 414.62 414.19 420.66 424.93 418.79 413.08 417.41 421.42 417.88 414.46 410.90 404.37 392.24 377.81 368.13 360.12 352.46 346.31 348.99 353.70 340.80 325.32 317.49 309.54 315.85 325.41 316.50 306.27 303.28 301.85 303.65 305.39 300.39 292.08 284.32 279.99 281.91 285.74 291.46 297.39 299.30 301.09 305.60 310.52 315.56 321.50 331.15
351.68 347.63 345.67 345.02 344.94 343.91 347.20 351.17 355.07 362.90 365.96 368.79 375.69 381.12 385.69 391.10 397.04 401.69 408.94 416.25 417.44 419.44 432.06 441.03 431.83 422.86 433.44 445.19 433.53 420.84 421.78 419.68 408.31 395.30 389.14 383.68 371.87 362.51 359.59 357.98 353.01 343.46 332.26 322.05 326.15 332.64 322.78 313.05 309.34 307.13 309.91 313.10 306.32 297.58 292.38 289.02 291.51 296.77 305.67 314.17 314.50 313.88 317.32 321.92 327.42 332.80 339.08
361.47 356.39 358.71 363.29 356.63 348.33 348.21 349.56 354.96 364.11 367.79 371.66 378.02 382.22 386.36 391.96 398.39 403.69 409.47 414.86 424.25 436.16 443.93 446.52 442.21 437.68 440.67 446.23 442.47 436.64 434.10 428.74 422.90 416.14 406.68 396.93 387.95 382.34 383.53 385.26 377.80 363.89 348.00 334.25 330.90 329.03 321.03 314.48 309.95 306.77 311.53 317.16 310.63 303.56 301.60 300.00 302.16 307.92 316.91 324.86 326.67 326.71 332.18 339.59 342.11 343.79 347.55
365.64 360.52 368.11 378.41 365.56 350.77 348.00 347.07 354.11 364.83 369.37 374.32 380.34 383.90 388.24 394.34 401.18 406.98 411.22 414.86 432.02 452.46 453.90 449.43 450.29 450.71 446.33 445.16 448.65 449.61 443.81 435.34 434.70 433.47 420.04 405.87 399.58 397.05 401.63 406.36 397.16 380.62 361.91 345.82 336.05 327.29 322.48 319.66 314.37 310.35 317.15 325.03 317.81 310.71 310.40 309.84 311.32 316.83 325.10 332.09 335.64 337.07 345.33 355.90 355.71 354.41 356.68
361.50 357.67 361.59 367.83 361.32 353.34 351.41 350.70 355.91 365.42 373.79 382.12 392.63 401.30 403.32 406.48 413.02 417.84 422.76 427.38 437.68 450.34 457.02 459.01 461.02 463.16 455.54 450.54 455.39 457.46 451.60 443.43 439.66 435.12 430.59 425.48 413.79 406.15 409.03 411.72 406.38 393.85 374.90 358.33 347.83 338.04 331.44 326.93 322.36 319.46 322.35 326.30 328.57 331.35 328.59 325.03 327.79 333.32 337.69 341.71 345.46 347.71 351.57 357.59 363.39 368.06 368.24
352.22 351.15 353.04 356.41 357.47 358.00 358.42 358.59 362.53 372.08 385.58 398.01 413.82 429.09 430.26 431.13 436.68 438.92 442.64 446.64 447.92 449.57 458.60 465.77 469.47 474.51 464.73 456.20 461.84 464.17 457.46 449.23 442.14 433.88 437.83 441.53 424.68 412.56 414.40 415.35 414.15 406.27 387.82 371.33 360.28 349.32 340.68 334.36 330.92 330.08 330.30 331.48 344.65 359.09 355.39 349.49 352.19 354.74 351.84 350.55 353.62 356.52 356.17 357.79 369.54 380.14 378.30
343.91 345.81 351.38 357.64 359.99 362.68 366.73 368.85 374.27 386.65 406.45 424.18 436.13 448.82 459.12 467.61 468.46 464.08 464.89 466.48 462.03 456.10 456.66 458.54 464.92 473.75 468.47 463.05 467.09 467.32 459.98 451.98 455.89 458.18 445.88 433.66 431.77 435.29 430.00 423.13 420.41 411.65 396.16 382.24 371.76 360.72 351.15 344.04 341.08 341.93 345.93 350.91 360.15 371.32 379.92 384.64 378.37 368.64 361.72 358.26 357.34 357.71 359.70 363.83 372.91 380.92 382.40
342.13 346.15 354.61 363.56 366.97 370.99 377.74 381.40 387.80 401.96 427.00 449.58 457.12 465.96 484.09 499.62 496.04 485.65 484.05 483.21 473.61 461.90 455.93 453.41 461.83 473.07 470.86 467.85 470.46 469.09 461.65 454.12 469.17 482.36 454.14 426.13 438.85 457.28 444.14 429.14 424.75 414.77 401.96 390.58 381.06 370.58 360.69 353.08 350.58 353.05 360.85 369.85 375.13 382.46 402.69 417.72 403.36 383.25 374.10 368.98 363.13 359.50 362.51 368.52 375.03 380.72 385.82
351.11 362.31 369.59 376.28 382.83 388.11 391.67 393.09 410.07 434.76 446.10 455.39 474.25 493.82 500.85 505.59 506.25 499.87 495.19 489.93 479.63 467.40 459.09 455.58 460.65 468.16 470.41 471.91 471.90 468.39 468.28 467.96 467.90 465.96 448.76 431.69 435.05 444.72 441.59 436.00 431.76 421.92 409.71 399.30 391.38 382.36 371.86 363.21 363.71 370.43 378.05 386.98 396.87 407.49 419.68 426.74 416.76 400.15 388.03 379.11 371.93 367.44 369.46 375.84 381.06 386.21 393.08
