5 Erosion Sim/106341437.asc
nrows 512
ncols 512
xllcenter 0.000000
yllcenter 0.000000
cellsize 5.000000
NODATA_value  -9999
[rows 300 to 329 of 512, columns 67 to 133 of 512]
867.12 870.20 871.59 871.22 861.51 851.99 872.44 897.70 882.52 864.79 874.57 890.71 898.05 897.23 886.62 866.56 847.88 838.27 840.19 842.67 842.71 845.76 847.31 852.04 860.25 869.55 882.69 894.93 900.56 903.89 909.56 916.41 930.93 946.75 954.31 963.24 975.79 989.11 1006.46 1025.50 1046.48 1065.02 1072.26 1078.38 1090.02 1101.83 1110.52 1115.45 1118.65 1121.88 1128.32 1133.91 1133.10 1133.26 1139.06 1146.12 1153.01 1159.66 1175.49 1192.75 1196.22 1197.54 1208.31 1222.19 1227.83 1238.88 1265.95
842.49 846.10 844.46 841.33 839.25 837.33 844.56 856.76 859.15 859.65 862.97 871.35 882.16 885.05 874.26 855.22 840.11 832.23 828.01 824.23 822.75 825.01 829.05 836.39 845.81 854.59 868.85 881.38 881.67 881.82 888.07 897.16 913.69 931.77 941.71 952.14 965.80 979.32 995.75 1012.81 1031.35 1047.44 1053.51 1058.85 1069.24 1080.52 1089.72 1095.38 1099.84 1104.06 1109.21 1113.60 1116.66 1120.16 1122.75 1126.55 1133.79 1141.28 1150.16 1160.91 1168.24 1173.01 1183.42 1198.14 1213.24 1234.39 1261.60
817.85 821.79 817.22 811.56 817.37 823.09 816.45 814.27 832.87 850.82 846.39 844.54 856.44 861.99 852.74 838.51 830.82 826.51 816.02 805.54 802.00 803.23 811.12 824.12 837.91 847.82 862.43 873.12 865.83 861.76 868.73 880.32 898.99 919.11 930.51 941.07 954.58 967.73 983.06 997.77 1013.55 1027.20 1032.49 1037.52 1047.05 1057.98 1067.91 1074.78 1081.01 1086.50 1090.74 1094.65 1102.34 1109.66 1108.96 1108.99 1116.02 1124.13 1126.53 1131.66 1143.70 1152.31 1162.20 1177.38 1201.41 1232.03 1259.06
791.55 793.54 797.06 799.90 799.45 798.65 795.09 795.34 809.21 823.63 822.48 821.51 827.94 829.78 825.59 819.80 817.90 815.58 804.44 792.79 787.97 788.82 799.20 816.81 835.25 846.66 852.09 851.28 843.77 842.54 849.00 861.51 882.72 905.16 917.49 927.73 942.23 956.49 972.08 985.99 1000.87 1014.00 1018.05 1022.24 1029.62 1038.68 1048.04 1054.83 1061.79 1067.54 1074.56 1081.72 1084.61 1086.40 1088.30 1090.41 1102.67 1116.80 1113.51 1113.80 1128.56 1139.02 1146.58 1160.10 1183.41 1213.71 1244.60
767.14 767.28 778.68 789.60 782.43 774.82 774.52 777.71 787.21 797.81 800.19 801.67 804.41 803.39 802.70 801.96 802.58 801.07 790.01 778.20 772.97 773.77 785.56 805.58 826.75 839.46 837.91 829.04 824.44 827.45 832.84 844.87 866.87 889.98 902.29 911.97 927.56 943.03 959.31 973.48 988.71 1002.39 1005.92 1009.76 1015.28 1022.57 1031.15 1037.38 1044.60 1050.41 1059.98 1069.92 1067.62 1063.90 1069.01 1074.06 1092.33 1112.83 1103.47 1098.05 1114.67 1126.58 1131.58 1142.79 1164.43 1193.21 1226.30
753.10 751.40 767.41 782.64 767.84 752.93 755.31 761.36 767.69 774.75 779.36 782.59 786.18 786.71 788.76 790.59 790.55 788.74 778.65 768.16 762.81 762.85 774.33 792.80 809.27 818.48 817.75 811.10 809.80 814.56 819.04 829.43 847.97 868.34 884.28 898.01 915.20 931.92 944.13 954.35 967.23 978.52 983.77 989.26 996.18 1004.96 1016.07 1024.97 1030.25 1034.12 1042.50 1052.05 1054.83 1055.30 1064.12 1074.34 1084.84 1095.81 1095.91 1097.68 1104.15 1108.44 1116.39 1130.04 1147.93 1173.31 1207.11
743.35 740.55 760.85 779.66 756.47 733.89 739.06 748.22 751.46 754.61 760.22 763.43 766.27 767.64 772.28 776.39 775.59 773.89 765.92 758.31 754.22 754.10 764.07 778.34 787.48 792.09 793.78 792.67 797.96 805.97 808.79 815.81 829.12 845.74 865.40 883.72 903.08 921.19 929.21 935.53 946.15 955.07 961.95 968.90 977.03 987.22 1001.01 1012.91 1016.69 1019.11 1027.59 1038.99 1049.03 1054.74 1068.89 1087.53 1093.28 1095.57 1101.96 1105.05 1095.72 1089.84 1100.22 1115.06 1127.78 1148.70 1182.37
727.15 728.84 739.47 747.88 732.78 718.97 722.70 730.57 736.19 740.87 746.42 748.62 748.40 748.47 747.59 746.08 745.15 744.24 740.83 738.48 738.83 741.55 750.62 761.33 765.70 768.26 777.27 786.59 791.17 795.10 803.93 815.19 819.32 828.23 848.86 869.03 886.02 901.02 913.50 924.59 932.87 939.40 946.39 953.32 961.11 971.14 983.66 994.74 1006.88 1017.74 1025.36 1037.64 1051.42 1058.77 1073.33 1095.22 1106.15 1109.59 1106.56 1095.31 1079.53 1073.07 1081.87 1093.72 1103.97 1123.03 1154.68
708.95 714.39 715.65 714.37 708.03 703.30 705.16 710.87 717.94 723.57 729.36 731.50 729.23 728.49 722.47 716.21 716.09 716.56 717.51 719.69 723.68 728.86 738.27 748.19 750.55 752.36 767.27 783.85 784.56 782.96 798.49 815.47 811.88 813.63 834.67 855.64 869.22 880.55 897.26 912.84 918.51 922.48 929.62 936.68 944.28 954.24 965.50 975.81 996.39 1015.85 1021.99 1033.55 1049.43 1057.74 1071.07 1092.44 1104.66 1107.36 1096.99 1076.30 1059.05 1054.26 1061.83 1071.39 1079.76 1096.99 1126.27
690.50 695.17 699.24 703.54 702.90 701.05 704.57 708.69 705.82 703.94 707.67 710.45 710.64 710.61 706.52 700.94 698.93 699.67 706.11 713.45 715.76 718.55 725.79 733.47 740.79 747.73 756.20 765.97 769.59 771.01 782.37 795.38 799.71 808.73 824.49 840.21 864.66 886.93 890.41 893.10 902.50 910.16 914.51 918.57 925.81 935.75 949.31 963.70 985.06 1004.20 1013.90 1026.79 1038.45 1044.38 1054.00 1069.47 1081.24 1084.33 1072.08 1051.03 1034.31 1029.57 1038.82 1050.15 1058.16 1073.81 1099.68
669.98 672.97 682.58 698.53 709.65 713.43 715.99 712.86 694.45 682.63 686.92 695.85 703.96 707.12 702.93 693.56 685.13 683.94 695.56 707.72 708.05 708.33 713.21 718.23 730.07 741.93 743.63 745.93 751.81 755.96 763.66 773.77 787.09 803.86 814.36 824.90 860.27 893.45 883.76 873.80 887.16 898.56 899.70 900.03 906.19 915.79 932.96 954.24 979.18 999.24 1010.27 1019.68 1022.34 1023.76 1028.59 1035.73 1044.72 1047.36 1034.89 1016.66 1003.59 1000.27 1011.99 1026.78 1036.09 1050.85 1072.93
651.07 652.18 665.71 691.67 715.08 725.01 719.74 702.64 674.55 658.72 666.90 685.26 704.10 713.07 705.50 688.88 673.97 670.74 684.69 698.88 708.79 718.30 716.18 713.87 719.26 725.02 729.86 734.60 740.67 745.50 752.63 762.96 774.20 787.65 801.82 816.09 840.11 861.89 862.08 862.50 872.10 879.52 882.31 883.78 887.85 896.14 914.60 940.41 968.43 988.87 996.26 997.26 995.08 996.26 1000.16 1003.09 1008.87 1010.69 1000.07 986.64 976.11 972.88 983.80 998.78 1011.99 1028.45 1046.56
636.08 636.15 650.74 680.54 710.06 723.34 712.98 688.05 656.58 639.98 650.25 673.22 697.80 710.30 701.10 681.07 663.33 659.27 674.86 690.56 709.71 728.33 719.34 710.00 709.18 708.89 717.01 724.70 731.50 737.29 743.40 752.96 761.14 770.89 788.79 806.78 819.39 829.71 839.56 849.87 855.20 858.31 862.88 866.00 868.51 875.74 894.12 921.39 949.32 968.51 974.12 971.19 968.77 971.80 976.23 978.23 984.32 987.52 978.39 967.72 957.45 953.23 962.59 976.14 991.67 1009.20 1023.73
627.99 631.09 639.63 660.86 685.24 695.92 687.59 667.05 641.32 628.12 640.31 663.35 685.97 698.49 685.57 663.84 651.79 651.53 662.69 675.10 690.21 703.45 707.15 709.55 704.19 700.08 707.26 714.38 722.76 729.88 733.05 738.96 746.85 756.48 771.40 786.40 798.07 807.55 815.58 823.63 834.27 843.57 844.75 845.65 852.44 862.88 878.61 901.24 926.10 944.25 949.29 947.08 949.25 955.89 958.96 960.07 964.83 966.28 962.00 956.10 947.26 944.10 950.35 959.86 972.92 987.94 1003.37
621.40 627.29 627.21 634.25 647.87 653.41 649.43 638.41 623.53 616.03 628.17 646.99 663.40 673.99 659.36 640.47 638.77 644.72 653.16 665.34 679.35 688.50 703.96 715.97 703.80 694.45 700.43 707.21 717.56 726.23 725.98 727.10 733.41 742.02 753.46 765.08 775.56 784.11 789.88 794.71 809.92 825.71 825.57 827.48 841.52 856.47 867.39 880.53 897.28 911.62 916.46 916.86 925.68 936.90 939.09 940.50 945.25 945.88 947.07 946.57 939.66 937.77 940.60 945.40 955.37 967.75 984.42
609.74 614.01 610.64 608.81 612.34 613.40 612.12 608.96 604.02 601.31 612.06 625.35 628.90 630.95 625.89 621.24 628.33 638.98 649.87 666.99 686.20 697.47 705.50 707.79 698.70 693.96 697.26 702.27 711.16 718.12 718.82 719.41 723.65 730.70 740.10 749.81 760.84 770.35 772.82 773.65 783.25 795.39 799.52 807.92 826.37 842.71 852.57 859.78 869.87 881.77 887.43 891.49 900.07 909.16 915.01 921.42 930.00 933.69 936.64 937.78 930.23 926.89 931.90 937.67 952.85 970.92 975.13
597.98 600.83 596.68 591.56 590.56 589.67 588.73 588.22 588.04 587.74 598.98 610.90 605.78 601.16 603.75 609.18 620.95 634.51 646.82 666.35 688.24 700.44 701.77 695.94 691.46 691.90 691.97 694.28 700.82 705.68 707.70 708.50 711.37 717.10 724.32 732.00 743.51 754.01 754.07 752.78 758.73 768.36 776.06 788.92 809.64 826.39 837.10 842.53 850.04 861.18 866.16 871.03 876.55 882.21 891.31 901.90 913.54 920.04 924.80 927.54 919.28 914.46 922.06 929.77 951.16 975.55 967.54
589.21 592.10 587.66 582.22 580.91 579.79 579.62 579.73 582.09 584.46 590.65 597.46 593.46 590.13 592.59 598.59 611.19 625.56 639.85 660.75 683.42 696.31 700.04 696.02 686.84 682.32 681.63 682.98 688.08 692.48 696.06 698.40 697.37 698.22 703.26 708.67 715.73 722.54 725.21 728.74 738.81 751.75 762.75 778.49 799.93 816.80 825.14 826.80 832.78 842.97 846.00 849.59 859.04 869.01 875.10 882.21 895.18 904.14 906.16 906.12 903.00 902.42 913.03 925.25 937.64 951.07 951.27
581.36 585.06 580.31 574.53 572.88 571.51 572.00 572.47 577.12 582.05 583.09 584.58 581.44 579.28 581.72 588.54 602.17 617.32 632.95 654.09 676.47 689.55 695.75 693.73 680.08 670.83 669.20 668.92 671.87 675.49 681.40 686.97 683.80 680.76 683.73 686.70 689.11 692.22 698.79 709.78 726.52 743.78 757.65 775.56 797.08 813.79 819.04 815.36 818.32 826.98 828.58 831.87 846.12 860.73 862.64 863.86 875.69 885.83 885.07 882.51 884.87 888.70 904.07 924.69 932.03 936.46 943.75
570.97 573.94 574.23 573.42 569.64 566.23 564.98 563.43 565.12 567.36 569.03 570.94 566.60 563.52 568.09 577.76 592.06 607.57 625.01 646.89 669.86 684.16 685.54 678.40 666.22 658.22 655.48 653.37 657.74 664.00 666.63 670.03 673.69 675.78 672.95 669.72 672.49 676.79 683.49 697.91 719.39 738.95 758.91 782.28 799.71 812.29 816.82 810.34 804.08 805.07 819.45 836.53 839.64 842.74 855.43 865.58 863.91 862.83 865.67 867.06 870.17 873.85 888.89 912.87 930.67 941.68 945.18
560.38 561.95 567.35 571.64 565.84 560.44 557.61 554.33 553.38 553.11 555.55 558.13 552.82 548.88 555.24 567.00 581.07 596.22 615.34 638.42 662.58 678.39 675.03 663.05 652.79 646.63 643.77 641.20 648.23 657.68 656.52 656.66 666.24 673.51 665.84 657.58 661.78 667.84 673.44 688.21 711.10 730.94 756.39 784.97 798.25 806.71 811.43 804.21 790.97 785.69 813.09 843.64 835.06 826.28 850.45 871.21 857.60 845.60 851.14 855.40 858.36 861.52 874.53 898.18 922.82 938.91 940.35
551.41 552.51 556.15 558.77 554.14 549.74 547.98 546.44 546.28 546.11 548.09 549.96 546.39 544.45 550.48 561.44 573.27 586.59 605.21 627.08 648.31 661.89 661.50 653.73 645.13 639.47 636.56 633.77 636.28 641.31 644.37 649.28 657.03 661.84 656.95 650.77 651.17 654.27 661.83 677.59 701.53 723.28 740.85 760.93 776.52 787.99 794.43 790.50 780.67 777.42 797.77 820.81 823.51 826.26 837.02 845.46 843.97 842.93 846.30 847.87 849.73 852.38 870.05 896.82 912.64 921.43 924.42
542.00 541.91 544.09 545.45 542.34 539.11 539.09 540.76 542.84 543.41 544.62 545.17 542.75 542.56 547.80 556.94 565.46 576.37 593.61 612.53 629.08 639.56 643.22 642.29 638.06 634.26 631.32 628.16 625.94 626.45 634.28 645.14 652.19 654.85 651.72 645.76 640.59 640.00 648.65 663.29 686.09 708.54 717.28 727.17 743.45 757.18 766.86 769.71 766.94 767.80 781.34 796.55 810.04 824.13 822.61 821.17 834.17 845.03 845.49 842.99 842.43 843.98 864.75 891.21 894.75 894.56 901.01
539.20 534.07 537.42 540.13 537.17 533.68 535.27 540.01 542.89 542.75 544.89 545.82 539.90 536.83 540.89 547.77 558.39 572.28 586.28 600.38 612.29 619.71 625.13 628.83 631.25 631.62 628.10 623.98 625.69 630.28 634.12 642.11 651.09 654.25 648.65 638.71 630.53 628.90 635.34 645.46 664.20 684.41 692.14 699.68 712.53 724.48 738.52 749.47 751.79 754.86 765.30 776.35 788.64 801.90 810.16 820.80 833.71 841.85 852.74 859.53 846.43 836.80 850.40 866.22 867.02 867.36 877.15
537.12 527.95 532.43 536.31 533.30 529.45 531.98 538.28 540.45 538.91 542.22 544.08 535.23 529.53 532.83 538.36 551.96 569.16 580.53 591.25 599.96 604.91 610.82 616.49 622.95 626.32 622.37 617.67 623.66 632.51 631.72 635.39 644.87 647.82 640.44 628.12 618.56 616.66 621.82 629.37 645.96 664.74 672.00 678.49 689.22 699.95 716.97 732.98 737.47 741.54 749.53 757.53 769.69 782.62 799.51 819.69 829.92 834.13 855.94 873.16 848.66 828.38 836.31 844.77 846.10 848.42 859.41
530.33 524.42 525.86 526.61 525.82 524.02 524.89 528.78 530.77 529.76 530.04 529.25 523.71 521.04 525.41 532.14 542.96 556.96 572.19 586.73 594.78 599.09 602.13 605.23 611.52 614.90 612.47 609.08 609.27 612.36 616.31 624.79 633.86 635.96 628.16 615.31 608.94 610.87 613.84 619.13 631.11 644.79 653.84 661.91 674.50 687.58 709.21 730.62 729.71 728.59 738.23 747.72 764.98 782.39 791.80 803.46 814.20 819.61 831.44 839.58 827.43 818.87 824.23 829.82 833.10 837.44 847.83
525.47 521.45 519.75 517.26 518.59 518.79 517.30 517.20 517.46 516.27 513.90 511.21 509.76 510.46 516.21 524.82 533.54 544.61 563.67 582.00 589.32 592.94 593.00 593.35 599.29 602.50 601.25 598.60 592.44 589.54 598.63 612.82 622.39 624.16 615.84 602.03 598.36 603.92 605.09 608.91 617.11 626.13 636.86 646.12 660.10 675.29 701.53 728.34 721.99 715.52 726.61 737.46 759.72 781.57 782.75 784.20 793.79 799.72 802.50 803.47 805.56 809.58 812.24 814.68 819.64 825.90 835.66
516.23 510.95 510.39 508.93 520.44 530.77 518.87 506.75 512.85 519.09 509.06 499.47 499.38 500.73 505.59 513.81 523.73 535.19 550.57 565.15 573.26 577.66 580.65 584.09 586.92 587.21 590.57 592.13 581.88 575.30 585.10 600.67 610.50 611.72 603.17 588.67 580.03 581.44 585.97 593.58 604.96 616.32 625.08 631.81 644.51 659.03 676.74 695.66 701.17 706.60 717.14 727.38 744.93 761.69 766.88 770.44 777.25 782.05 787.21 792.39 794.88 797.56 800.43 802.65 806.98 812.86 821.73
504.73 499.30 499.71 499.17 520.81 541.25 519.66 497.14 510.72 525.15 507.17 489.99 490.54 492.20 495.87 503.04 513.50 525.08 536.80 547.67 556.56 561.73 567.59 573.96 573.46 570.52 578.41 584.38 570.28 560.17 570.41 586.79 596.42 597.11 588.99 574.70 561.91 559.52 567.18 578.12 592.29 606.03 613.41 618.44 630.59 644.75 653.67 664.12 680.77 697.39 706.71 715.74 728.16 739.64 749.69 757.26 763.24 767.98 774.91 782.69 783.90 784.48 787.72 790.12 794.23 799.99 808.19
495.98 491.87 495.03 496.84 505.12 512.68 500.73 488.07 494.20 501.32 492.77 485.02 486.07 487.83 497.05 509.68 515.93 522.70 534.00 543.80 548.54 550.52 554.46 558.75 557.11 553.34 558.46 562.11 550.58 542.79 551.17 564.65 576.82 581.52 573.80 561.40 550.79 548.86 556.53 566.62 580.08 593.59 601.23 606.95 620.97 636.55 642.61 650.13 664.59 679.14 690.48 702.57 716.83 729.29 738.80 745.35 753.60 761.23 764.82 769.55 773.27 775.85 781.48 785.60 785.37 787.45 795.48
