5 Erosion Sim/106341437.asc
nrows 512
ncols 512
xllcenter 0.000000
yllcenter 0.000000
cellsize 5.000000
NODATA_value  -9999
[rows 180 to 209 of 512, columns 0 to 66 of 512]
386.81 382.61 381.20 388.14 397.45 413.45 429.75 437.41 443.64 453.19 466.95 481.80 488.66 499.12 518.08 532.36 537.42 534.75 519.87 488.15 466.43 456.05 440.43 423.70 411.31 405.51 401.62 398.06 393.51 396.05 400.38 393.11 384.97 383.11 385.27 396.66 408.97 408.42 404.81 403.65 402.14 407.64 416.80 426.51 433.15 428.16 422.26 441.22 458.96 432.37 402.19 393.84 383.90 363.10 340.00 323.18 312.20 307.46 303.39 303.81 304.47 300.79 297.69 291.34 288.52 289.63 291.75
389.51 388.29 389.81 396.87 406.27 420.70 435.42 442.32 448.03 458.53 472.56 486.97 494.33 503.22 519.81 534.15 539.72 538.09 524.96 504.56 493.20 476.11 454.43 436.17 421.55 416.27 412.84 409.64 405.31 403.84 403.94 396.73 389.28 390.39 396.07 405.35 414.75 416.97 416.99 415.41 412.76 415.40 419.74 423.36 425.79 423.00 419.76 428.76 436.19 419.50 398.69 388.45 376.99 358.01 337.19 323.92 316.30 310.85 307.69 306.26 303.84 300.44 296.30 290.77 289.66 290.71 293.22
392.50 394.31 398.85 406.15 415.72 428.57 441.59 447.59 452.73 463.30 475.62 487.59 494.51 501.06 513.71 526.55 531.93 532.18 522.65 515.42 515.25 492.09 465.83 447.51 431.29 426.60 423.82 421.17 417.18 411.35 406.44 398.52 391.43 396.24 407.06 415.85 423.11 428.97 434.51 434.39 431.45 429.32 424.69 418.06 414.39 414.24 414.61 414.60 412.15 404.98 392.73 379.81 366.51 349.81 332.15 323.27 319.44 314.60 315.21 314.76 310.50 306.10 298.16 290.72 290.08 291.26 294.63
403.55 407.97 415.17 420.31 427.69 437.54 447.44 454.49 460.95 470.94 480.84 491.73 499.55 502.50 509.94 522.12 528.19 533.59 530.92 511.20 496.54 483.19 468.21 453.88 440.12 434.56 431.03 426.33 420.09 412.59 405.36 398.28 393.04 396.12 406.70 418.18 426.47 433.52 442.13 448.53 450.33 443.67 430.32 416.89 410.58 409.99 410.88 412.77 411.34 403.44 389.53 374.22 359.42 343.28 327.04 316.52 310.36 309.38 316.92 325.80 328.03 320.47 306.60 293.78 290.21 293.26 299.32
415.05 422.10 431.97 435.03 440.33 447.40 454.49 462.85 470.76 481.00 490.31 501.91 511.33 511.15 514.73 527.65 535.07 544.74 547.06 512.97 482.98 478.73 473.49 461.62 449.60 443.08 438.66 431.83 423.39 414.73 406.10 400.74 397.75 398.42 407.23 419.91 428.64 436.19 446.11 457.26 462.98 453.70 435.83 419.80 412.79 411.37 411.89 414.78 413.96 405.76 391.19 374.53 358.80 343.06 327.63 314.78 306.00 307.49 318.89 333.97 341.07 331.29 313.92 298.22 292.86 297.68 306.24
427.10 430.79 436.91 441.11 447.97 456.23 464.27 474.27 484.20 493.53 501.69 510.41 517.27 520.08 525.99 536.87 542.72 548.94 549.04 523.11 499.70 492.43 483.38 472.22 461.71 453.55 447.61 444.67 440.10 434.74 431.49 422.52 414.07 414.82 420.54 425.81 430.11 436.69 445.59 460.85 470.86 456.84 435.32 420.86 414.32 416.13 419.63 419.78 416.54 408.20 393.87 377.81 362.59 347.80 333.40 320.96 312.37 318.36 333.06 341.23 342.58 335.85 322.66 307.87 302.24 307.98 318.00
446.43 446.30 447.63 451.85 459.57 468.40 476.44 487.20 498.77 506.93 513.42 518.81 523.10 528.63 535.80 543.49 547.23 551.38 552.25 537.39 521.72 510.40 495.62 483.34 473.53 463.84 456.60 457.80 457.22 457.19 463.72 455.54 443.62 441.31 436.97 427.76 424.14 429.24 436.56 455.50 469.63 451.97 429.21 418.72 413.73 418.47 424.31 421.11 415.17 407.02 393.65 379.08 365.07 351.85 339.16 327.65 319.47 328.76 344.15 342.77 337.13 334.56 328.04 316.67 311.91 318.49 329.83
471.39 469.97 468.95 470.67 476.69 484.46 490.88 499.03 508.94 518.33 525.63 530.61 535.30 544.08 553.02 557.04 558.11 559.32 560.05 555.02 545.80 532.73 514.55 495.30 480.42 471.83 465.93 462.84 457.83 458.92 471.02 480.69 482.35 469.91 448.32 426.21 416.21 420.54 427.05 441.40 451.47 448.87 443.55 427.77 415.06 416.50 418.46 421.42 422.29 409.85 393.12 379.89 367.01 355.36 344.31 335.07 328.51 330.21 335.36 333.54 330.00 328.04 324.66 319.12 317.63 324.34 336.21
490.95 488.60 486.00 485.97 490.56 497.44 502.80 508.92 517.40 528.34 537.20 542.55 548.03 560.75 572.90 574.62 573.65 570.45 567.81 569.35 565.08 550.95 531.01 506.44 487.26 479.75 475.05 467.53 458.05 458.32 471.65 494.83 508.09 488.52 456.28 427.83 414.35 417.87 423.61 433.45 439.53 450.90 460.63 437.14 415.63 414.05 412.74 422.45 430.43 413.55 393.15 381.01 369.24 359.22 349.75 342.66 337.64 332.89 330.36 330.64 330.35 327.83 325.02 322.74 323.38 330.21 342.65
496.66 496.78 496.88 499.34 505.84 510.42 514.52 532.38 552.02 551.77 549.55 557.51 565.91 574.53 582.59 586.62 587.43 586.05 583.51 583.50 578.82 564.54 545.40 521.34 502.05 491.99 484.69 478.17 469.85 467.34 476.76 493.52 501.62 488.88 464.78 437.96 424.16 425.09 427.61 433.19 436.23 441.90 446.00 429.24 414.33 413.35 412.68 416.74 419.10 408.30 395.33 387.71 379.89 368.85 357.44 349.53 343.95 340.05 338.51 342.86 346.43 343.02 341.39 345.67 350.81 351.96 356.89
496.50 499.60 503.57 509.69 518.68 521.94 526.82 558.45 590.13 578.40 564.49 574.42 585.38 589.89 594.06 600.65 603.35 602.49 597.24 592.88 586.63 573.27 557.09 535.68 517.29 504.68 494.62 488.94 481.74 475.33 478.26 486.00 487.75 483.66 471.72 450.62 438.46 436.20 433.97 433.74 433.02 433.14 431.92 422.20 414.05 413.72 413.77 412.24 409.02 405.04 401.10 399.57 396.29 383.27 368.02 357.45 350.46 347.57 347.38 356.18 363.77 361.55 365.65 381.03 392.74 385.94 378.36
497.23 499.78 504.13 510.30 518.19 525.70 536.92 561.45 584.22 582.73 578.79 586.47 595.71 604.49 613.20 620.33 623.02 618.54 606.53 593.21 580.80 568.25 554.92 541.80 529.87 514.48 501.41 494.36 486.04 480.56 481.82 484.34 483.52 482.99 478.25 467.59 461.83 451.98 440.57 437.97 436.85 433.87 429.80 422.70 416.93 422.24 427.99 420.71 411.73 409.59 409.56 412.54 412.17 398.34 380.49 366.79 358.07 355.86 356.71 362.28 366.24 370.16 384.96 411.36 429.55 418.90 402.80
501.60 503.14 506.94 512.29 518.84 529.95 545.71 561.27 574.23 583.06 589.30 594.84 602.19 614.71 627.26 634.37 636.80 630.08 614.43 595.36 578.47 566.24 554.14 547.62 541.45 523.49 507.78 499.68 490.44 487.14 489.40 489.35 487.15 488.50 487.32 483.57 482.92 466.72 448.23 445.26 444.64 438.49 431.36 426.71 423.25 434.27 445.74 432.71 417.98 416.79 418.61 423.91 425.11 410.70 391.45 375.96 366.10 364.36 365.84 367.79 367.93 375.95 396.92 429.80 452.40 440.05 420.10
531.89 526.31 523.33 526.24 530.02 541.03 555.64 570.49 583.56 592.78 599.75 604.18 609.94 622.58 635.08 641.70 644.10 638.52 625.04 606.19 588.67 576.56 564.50 554.18 544.20 529.66 517.56 509.83 500.72 495.11 493.99 493.58 492.08 490.32 486.77 485.45 486.47 474.69 460.27 452.69 447.82 444.85 441.49 439.02 437.52 441.69 446.41 440.85 433.17 431.04 431.85 434.61 433.18 424.62 411.61 394.23 382.28 378.36 376.84 377.29 376.71 385.77 405.74 437.14 460.31 444.38 423.22
563.45 551.10 542.15 543.42 544.88 554.87 566.18 577.96 589.73 599.09 606.93 610.28 613.92 625.49 636.62 641.66 643.55 640.13 631.08 614.86 598.08 586.51 574.79 560.92 547.33 536.60 528.79 522.05 513.39 504.48 497.69 494.61 492.76 488.62 484.30 486.99 490.38 482.62 471.42 458.40 448.87 449.62 451.36 452.70 454.52 453.09 452.36 455.30 455.10 451.96 451.53 451.39 446.82 443.90 437.38 418.53 404.76 397.90 391.66 388.84 386.71 394.72 409.16 434.56 456.26 439.12 421.99
557.08 552.24 551.62 557.87 563.59 569.42 574.17 580.72 588.83 597.06 604.38 609.25 613.38 620.05 626.08 628.93 629.94 628.13 623.11 614.60 603.72 592.34 580.62 567.84 555.21 545.55 539.25 534.51 527.29 519.90 512.22 500.34 491.98 489.39 488.22 492.15 495.12 487.28 475.22 466.33 461.72 464.40 469.72 467.80 465.98 470.59 475.99 478.69 476.96 474.02 473.42 478.67 479.21 465.84 449.79 434.34 423.78 419.04 413.08 405.00 399.29 400.65 403.97 414.04 424.94 421.69 423.64
554.44 556.82 563.84 574.34 583.90 586.37 586.45 589.56 594.62 600.79 606.06 610.90 614.53 616.10 617.22 618.18 618.46 617.37 614.47 611.85 606.14 595.25 583.89 572.54 561.10 552.41 547.23 544.10 538.19 533.46 527.29 508.99 495.20 493.42 493.74 497.25 499.03 491.44 479.27 475.25 475.89 480.22 488.62 483.01 477.56 488.40 499.86 502.16 498.81 495.99 494.99 505.36 510.78 486.46 460.03 447.17 439.48 437.69 433.79 422.18 413.69 410.45 407.14 406.35 408.48 416.72 432.45
571.37 574.61 583.01 594.67 604.77 607.63 607.26 608.23 611.00 619.13 626.07 633.89 640.36 631.79 622.98 618.76 615.14 617.36 620.55 622.95 620.22 609.56 596.04 580.26 566.41 561.87 562.19 561.49 556.53 547.71 535.80 516.46 503.08 501.54 501.74 502.47 501.74 494.60 483.51 476.80 474.15 476.84 484.57 488.12 492.31 503.65 514.98 523.16 524.94 520.44 516.59 516.35 511.61 493.63 474.50 462.78 456.09 450.74 443.18 434.38 428.66 426.12 425.01 426.47 429.37 440.26 457.18
590.96 595.44 606.04 619.60 630.36 632.77 630.56 628.03 627.77 637.81 646.65 657.73 667.16 648.16 628.77 618.72 610.89 618.66 632.91 645.28 647.74 634.90 614.01 588.63 570.09 571.18 580.16 585.07 582.55 568.15 547.13 523.34 508.84 507.23 506.63 503.88 500.33 494.27 485.62 477.59 472.25 473.08 479.68 491.81 505.17 516.33 526.53 539.70 546.23 539.50 531.62 519.65 504.36 493.69 483.75 474.99 470.13 461.25 450.05 444.09 441.19 440.91 445.37 452.43 457.63 469.82 484.92
620.53 624.44 635.26 650.84 662.31 660.94 653.59 647.12 643.48 646.91 649.27 652.10 653.04 639.42 625.26 613.58 605.63 616.73 639.72 661.87 669.30 652.62 622.73 590.65 570.39 577.16 594.86 612.40 619.31 595.19 560.88 529.95 511.57 509.94 508.58 506.08 503.41 499.19 493.73 486.67 480.92 483.88 493.04 505.04 518.75 531.39 542.21 550.17 551.53 545.29 536.25 522.72 507.12 495.46 486.34 479.52 475.30 468.23 458.73 453.00 450.30 453.36 464.45 480.94 492.22 496.61 500.65
652.06 654.81 664.46 680.54 691.67 686.37 674.35 664.51 657.75 654.43 650.16 644.74 637.44 629.96 622.08 609.70 602.04 614.08 640.58 667.20 677.00 658.49 624.49 590.68 570.99 582.07 605.44 632.58 647.61 615.38 571.29 536.67 516.01 514.66 513.23 511.66 510.21 507.20 503.58 496.11 489.32 494.27 505.56 516.72 529.81 543.14 554.30 557.04 553.30 548.29 539.80 526.59 511.90 499.11 489.68 483.52 479.34 474.12 466.42 461.03 458.65 463.62 478.12 500.75 516.63 514.43 510.02
677.86 680.40 688.12 699.03 705.75 702.16 692.95 686.40 681.43 671.09 659.32 650.05 639.90 631.25 622.87 611.70 605.38 618.74 644.17 667.74 677.10 655.20 620.21 592.86 577.48 582.89 599.89 619.92 628.39 610.95 582.77 547.79 525.41 523.13 520.67 520.14 519.81 514.81 509.62 504.18 498.93 501.18 508.79 518.06 529.81 541.64 551.23 560.03 562.96 553.97 541.72 531.34 519.55 506.43 496.70 491.72 488.54 482.00 473.12 470.34 470.62 472.67 482.87 500.54 512.50 514.81 515.30
705.91 707.11 710.42 713.73 715.08 714.78 711.61 711.53 709.84 691.99 671.59 657.50 644.45 635.58 627.90 618.97 614.44 626.52 645.10 659.74 665.71 642.23 610.87 594.69 585.78 584.80 593.87 605.19 606.20 604.54 594.77 561.98 539.04 535.77 532.14 532.56 533.41 527.04 521.44 519.13 515.91 514.47 516.05 520.69 528.94 537.52 543.75 557.17 566.21 553.40 537.82 530.86 522.60 509.82 500.42 497.09 495.08 487.37 477.66 478.02 481.65 480.22 483.94 494.31 501.24 509.10 516.72
736.06 735.35 733.74 732.93 732.41 730.83 729.13 734.86 735.73 713.15 687.05 670.12 656.17 644.35 634.58 627.68 624.52 628.33 632.96 634.92 633.69 620.84 605.33 595.75 588.81 591.55 602.74 610.84 609.88 605.84 596.34 572.27 555.38 551.77 547.66 545.95 544.91 541.90 540.59 541.77 540.90 535.01 529.39 528.11 531.43 536.91 540.04 545.02 547.47 538.98 528.35 525.69 521.90 518.57 518.57 508.99 500.11 491.71 481.85 481.79 485.25 487.06 490.97 497.60 502.92 508.06 514.39
762.96 761.54 757.73 755.57 754.58 750.59 747.60 756.36 758.68 732.37 702.48 684.64 670.88 656.17 643.95 638.63 636.61 634.59 630.64 625.21 619.08 614.36 609.48 601.29 593.93 600.91 615.47 621.58 619.14 611.35 599.30 581.16 569.06 565.23 560.92 557.36 554.61 554.56 556.61 560.33 561.40 551.61 539.92 533.70 532.25 534.36 534.45 531.15 527.11 522.97 517.36 519.11 519.96 526.22 535.68 519.85 504.07 495.06 485.25 485.04 488.60 495.14 502.23 508.08 513.10 514.30 516.67
801.30 793.70 783.50 779.59 776.56 774.36 771.90 769.62 761.70 739.13 714.39 696.85 682.98 670.40 660.47 655.01 652.55 654.98 654.83 644.28 633.33 628.76 624.45 615.90 608.42 612.20 621.83 624.72 620.45 614.58 605.15 587.39 575.07 572.36 570.33 571.41 572.31 570.08 568.91 568.42 566.10 557.79 546.39 538.66 534.87 531.78 527.43 526.57 526.31 519.24 511.87 511.46 509.85 512.21 518.93 514.12 507.38 500.59 491.93 492.65 499.13 503.97 508.94 515.00 519.62 525.75 533.15
839.43 825.74 809.37 804.01 799.21 798.06 794.19 778.97 760.18 742.48 724.84 709.49 696.41 686.13 678.76 673.39 670.59 677.12 680.05 663.66 647.58 643.40 640.10 631.59 624.09 623.05 624.33 620.65 612.99 609.73 604.44 588.59 576.76 576.18 578.69 586.68 592.23 586.82 580.29 573.47 566.81 560.47 550.42 542.35 537.09 529.57 521.75 524.17 528.04 518.51 510.40 508.77 504.99 504.57 511.33 520.35 523.93 517.48 505.87 503.36 510.72 513.44 515.72 521.50 525.52 537.92 553.37
852.72 845.67 835.95 828.57 821.53 815.58 804.54 789.34 772.70 754.05 737.53 724.29 711.85 702.31 695.92 692.97 692.21 690.11 683.44 669.17 655.95 649.89 645.30 638.84 633.22 630.79 627.26 617.48 606.98 602.16 596.85 586.49 578.69 584.12 595.01 602.15 604.61 601.42 594.96 581.80 570.84 566.35 557.93 545.42 534.71 526.27 518.37 519.67 522.89 514.71 509.50 512.26 511.85 514.66 527.51 553.30 570.28 551.28 523.66 520.11 530.49 528.49 525.55 531.88 536.29 547.22 563.26
857.97 857.54 854.44 845.11 836.01 826.61 811.04 798.58 785.65 765.71 748.82 736.01 723.31 714.20 708.35 707.44 708.54 698.23 682.93 671.82 662.10 654.22 648.07 643.27 639.23 636.78 631.67 619.13 607.35 600.35 593.59 587.25 582.82 593.20 610.10 614.01 612.21 612.11 607.75 590.34 576.06 573.52 567.00 550.73 535.82 527.79 520.67 521.32 524.02 516.52 512.67 518.09 519.88 523.90 539.28 578.42 607.24 577.25 537.01 535.67 550.07 542.75 534.26 541.00 545.77 554.23 568.80
861.69 860.49 857.02 849.25 841.13 831.46 815.79 800.75 785.25 768.17 754.05 740.53 727.33 717.81 711.33 708.60 707.87 702.58 692.63 682.17 672.73 661.99 652.99 648.32 644.45 640.28 633.45 622.78 612.95 608.11 604.18 597.21 591.47 600.88 615.70 616.51 612.87 617.20 618.17 600.28 584.49 581.33 573.98 557.98 543.51 537.20 531.77 526.76 523.89 519.94 519.10 522.62 523.06 526.93 540.51 571.91 594.64 573.45 544.42 538.86 546.50 548.76 549.47 552.83 554.65 561.69 573.72
