5 Erosion Sim/106576406.asc
nrows 512
ncols 512
xllcenter 0.000000
yllcenter 0.000000
cellsize 5.000000
NODATA_value  -9999
[rows 290 to 318 of 512, columns 201 to 267 of 512]
3697.63 3714.21 3731.77 3760.00 3824.71 3888.68 3898.31 3887.38 3873.75 3837.91 3801.67 3777.52 3759.42 3763.24 3806.29 3855.52 3912.62 3959.77 3952.48 3950.50 3978.55 4002.08 3991.59 3972.33 3973.17 3972.80 4047.35 4112.50 4017.53 3907.38 3850.75 3794.87 3754.77 3756.37 3837.69 3924.39 3922.36 3906.85 3912.88 3890.18 3834.60 3755.45 3709.77 3650.83 3489.54 3341.14 3271.35 3251.90 3277.60 3323.64 3373.38 3411.06 3432.95 3439.59 3447.06 3455.56 3455.61 3448.51 3436.52 3415.92 3395.20 3377.82 3318.56 3248.06 3185.25 3106.26 3050.28
3675.27 3699.62 3737.66 3778.21 3813.43 3841.57 3842.80 3833.61 3827.20 3803.15 3773.71 3756.04 3749.16 3760.72 3804.22 3852.41 3890.06 3924.27 3934.54 3943.56 3979.96 4006.98 3994.58 3978.99 3979.59 3989.69 4050.02 4094.51 4036.84 3956.93 3885.69 3819.46 3783.03 3776.88 3820.48 3869.43 3869.97 3866.53 3877.17 3860.69 3806.42 3723.53 3641.59 3558.67 3446.24 3355.98 3319.58 3315.49 3348.08 3407.07 3464.13 3503.37 3520.02 3517.18 3511.26 3510.61 3509.89 3504.14 3493.12 3473.82 3440.60 3393.17 3324.41 3262.29 3213.12 3159.36 3135.03
3650.64 3675.12 3725.66 3774.32 3782.34 3781.02 3780.50 3776.13 3776.65 3763.82 3740.91 3730.26 3736.62 3758.93 3805.49 3853.55 3868.33 3882.57 3903.36 3919.97 3966.75 4002.12 3992.78 3983.13 3980.32 3994.03 4033.70 4055.55 4039.81 3998.33 3920.47 3848.05 3816.85 3804.82 3811.76 3822.03 3819.78 3819.75 3827.15 3813.91 3767.06 3693.16 3588.09 3488.72 3422.38 3380.75 3367.54 3374.00 3410.75 3476.74 3535.18 3573.25 3586.54 3578.46 3563.41 3555.53 3553.97 3549.56 3539.79 3522.68 3486.52 3428.51 3369.79 3325.79 3286.14 3246.64 3242.84
3638.23 3664.21 3711.64 3756.81 3752.13 3739.88 3740.06 3738.92 3725.36 3703.46 3690.80 3690.05 3746.01 3815.28 3826.26 3835.59 3857.29 3879.54 3896.81 3908.80 3959.22 4000.00 3975.41 3949.73 3956.69 3982.32 4022.03 4047.13 4067.93 4066.16 3990.86 3914.90 3879.18 3848.81 3826.08 3807.45 3786.71 3770.19 3762.08 3743.92 3709.87 3658.48 3585.96 3517.38 3471.46 3444.25 3437.41 3446.00 3461.60 3502.57 3557.31 3595.81 3621.56 3630.03 3615.85 3604.80 3602.13 3598.62 3600.08 3595.80 3569.87 3525.39 3477.20 3441.09 3419.92 3399.57 3381.17
3613.96 3640.47 3684.12 3726.21 3710.77 3690.24 3693.50 3696.63 3670.04 3641.21 3640.55 3649.57 3752.53 3865.09 3837.12 3806.15 3835.77 3868.56 3884.86 3893.33 3948.69 3997.89 3961.08 3920.75 3935.77 3969.49 4005.30 4031.56 4092.07 4137.69 4072.92 3997.53 3954.74 3899.83 3842.11 3794.60 3758.39 3726.67 3703.45 3680.77 3663.07 3640.91 3606.97 3570.65 3539.94 3518.39 3509.69 3516.82 3507.30 3514.35 3556.42 3591.21 3633.34 3667.14 3662.63 3652.42 3648.56 3645.80 3658.52 3667.42 3654.94 3630.42 3599.31 3574.56 3574.40 3577.65 3549.08
3584.98 3583.29 3608.54 3633.22 3622.74 3609.38 3611.58 3613.96 3626.34 3641.49 3627.25 3620.10 3692.83 3771.77 3774.34 3773.62 3808.55 3849.31 3866.12 3872.58 3909.39 3943.51 3932.07 3914.68 3971.60 4046.60 4080.75 4110.26 4130.01 4142.86 4112.82 4062.93 4015.84 3941.72 3860.10 3795.66 3754.17 3716.59 3677.88 3647.74 3637.19 3633.19 3625.12 3607.72 3587.29 3567.02 3542.66 3536.29 3536.09 3543.52 3570.46 3599.04 3636.93 3675.46 3711.02 3732.11 3713.04 3697.04 3708.96 3719.03 3720.44 3716.38 3746.20 3776.78 3740.77 3710.91 3710.32
3564.10 3538.09 3549.69 3561.18 3558.36 3553.54 3555.19 3556.91 3605.94 3659.49 3625.05 3596.22 3635.62 3679.60 3712.45 3741.98 3780.99 3827.05 3841.77 3845.12 3862.10 3878.20 3889.15 3893.34 3993.10 4111.23 4144.90 4176.67 4149.58 4119.67 4115.14 4086.98 4042.53 3964.86 3877.57 3810.77 3775.58 3743.74 3698.61 3664.99 3657.02 3659.70 3664.20 3655.62 3641.97 3624.11 3587.02 3568.97 3582.30 3599.04 3619.66 3645.89 3675.31 3709.48 3776.07 3824.38 3790.21 3761.24 3772.57 3783.84 3796.40 3807.04 3892.15 3975.68 3902.70 3837.01 3861.83
3544.33 3532.05 3543.10 3555.21 3561.09 3564.76 3569.32 3571.83 3603.18 3642.82 3639.09 3633.89 3653.69 3672.23 3702.66 3737.61 3761.41 3791.75 3806.27 3809.82 3828.51 3845.17 3855.32 3861.18 3913.95 3986.00 4017.51 4047.24 4059.48 4069.12 4080.35 4070.17 4030.30 3960.22 3896.77 3851.79 3809.26 3770.54 3742.04 3723.23 3723.84 3731.64 3729.37 3715.99 3711.90 3709.97 3708.84 3718.86 3715.18 3709.49 3720.76 3742.17 3758.61 3778.16 3823.11 3852.17 3878.89 3913.60 3899.74 3886.89 3904.60 3920.94 3967.19 4012.58 4012.24 4020.36 4031.86
3539.87 3543.88 3558.67 3577.35 3599.01 3617.87 3630.36 3635.64 3653.68 3688.19 3722.05 3739.11 3725.69 3698.71 3708.57 3741.10 3749.20 3762.46 3775.08 3777.29 3794.77 3807.26 3812.20 3817.81 3823.27 3848.21 3875.56 3900.15 3947.23 3991.49 4014.52 4020.85 3988.57 3932.61 3900.13 3881.71 3835.25 3793.78 3785.53 3783.31 3790.52 3798.69 3785.21 3766.03 3780.34 3811.59 3863.34 3909.31 3883.96 3844.87 3835.38 3846.08 3846.55 3846.38 3864.92 3872.62 3960.76 4060.28 4022.37 3985.86 4008.21 4029.20 4035.50 4042.05 4115.49 4200.29 4201.35
3601.98 3586.02 3611.64 3644.58 3674.52 3700.54 3744.95 3775.28 3778.60 3804.69 3846.86 3856.28 3813.05 3744.61 3727.04 3752.22 3741.74 3734.69 3748.84 3752.97 3755.96 3751.10 3742.36 3739.54 3750.70 3780.55 3818.72 3852.81 3890.25 3924.97 3948.58 3961.19 3949.50 3921.25 3884.83 3858.29 3838.14 3824.05 3837.51 3852.83 3851.81 3845.88 3831.47 3816.89 3848.96 3912.64 3983.32 4030.97 4007.82 3958.78 3932.78 3936.82 3933.58 3926.01 3930.20 3928.86 3994.38 4074.57 4071.62 4070.37 4092.63 4113.49 4140.54 4168.88 4236.93 4319.28 4344.85
3667.76 3634.69 3674.57 3724.64 3764.66 3798.84 3875.63 3931.14 3913.10 3915.93 3950.99 3944.35 3875.20 3776.95 3744.24 3767.90 3739.29 3712.50 3728.62 3734.72 3724.58 3705.70 3686.69 3677.02 3692.99 3725.70 3772.30 3814.03 3841.35 3867.21 3892.43 3911.85 3918.72 3913.77 3869.23 3833.18 3839.40 3851.64 3885.65 3918.13 3912.05 3898.70 3890.21 3883.94 3927.67 4009.10 4083.93 4126.90 4111.25 4063.08 4031.21 4033.37 4028.17 4017.10 4010.86 4002.28 4044.54 4103.94 4134.32 4167.20 4189.06 4209.85 4257.63 4307.24 4367.51 4443.31 4489.33
3660.90 3704.07 3744.90 3793.59 3864.05 3925.64 3987.24 4021.51 4017.92 4018.30 4018.46 3983.11 3892.24 3780.01 3721.54 3721.50 3711.00 3700.04 3734.03 3758.66 3722.88 3680.24 3659.89 3649.39 3664.09 3691.67 3721.91 3748.36 3782.40 3817.25 3833.13 3847.41 3876.37 3898.04 3865.87 3841.09 3861.47 3885.64 3921.27 3954.31 3959.01 3957.64 3970.55 3984.69 4023.57 4099.36 4177.54 4221.96 4208.67 4160.63 4118.57 4110.03 4113.22 4112.28 4123.07 4131.16 4190.55 4266.72 4265.75 4270.45 4300.75 4332.50 4382.53 4432.57 4497.00 4573.67 4629.51
3649.83 3777.68 3827.33 3876.84 3974.72 4060.15 4103.57 4115.36 4117.89 4097.77 4045.72 3975.47 3871.14 3759.38 3689.00 3671.66 3678.82 3682.22 3732.71 3775.68 3716.18 3653.01 3634.35 3624.36 3636.77 3657.03 3669.01 3679.95 3721.97 3767.14 3774.67 3784.06 3836.70 3888.67 3872.40 3860.01 3892.32 3924.60 3958.29 3990.44 4006.83 4019.22 4055.33 4090.87 4125.41 4196.39 4278.89 4325.69 4315.35 4267.74 4215.88 4197.43 4211.59 4225.05 4256.88 4283.43 4357.72 4445.67 4408.05 4381.42 4420.75 4466.22 4521.16 4571.97 4635.88 4705.06 4762.47
3642.17 3762.39 3869.78 3968.48 4074.31 4164.70 4207.17 4215.43 4193.45 4124.24 4029.43 3934.47 3829.40 3730.23 3674.49 3664.50 3674.81 3678.41 3691.97 3699.94 3662.34 3624.06 3613.09 3609.16 3616.69 3627.94 3630.22 3634.48 3662.35 3695.35 3713.09 3735.19 3784.04 3838.31 3860.35 3882.60 3923.75 3961.31 3999.66 4038.18 4066.02 4091.84 4145.32 4196.45 4231.67 4303.01 4395.19 4450.06 4442.38 4395.26 4351.28 4340.63 4348.99 4359.80 4385.49 4402.74 4445.89 4499.12 4484.84 4486.57 4539.71 4603.50 4699.80 4787.82 4820.88 4852.30 4912.54
3619.20 3717.62 3866.88 4003.46 4111.21 4202.26 4241.20 4245.10 4209.40 4115.68 4004.73 3901.95 3798.71 3707.34 3659.56 3653.86 3669.19 3676.50 3656.97 3632.71 3617.57 3603.05 3598.18 3599.52 3604.31 3611.63 3610.15 3612.53 3629.48 3652.75 3682.15 3717.17 3759.28 3809.73 3863.42 3915.81 3964.75 4008.64 4053.35 4099.15 4137.64 4174.92 4243.70 4309.21 4344.58 4415.78 4517.50 4581.00 4577.67 4533.67 4500.51 4500.28 4503.38 4509.90 4527.23 4534.07 4547.81 4569.93 4582.15 4612.61 4675.73 4751.53 4882.81 5003.91 5007.04 5005.41 5073.35
3588.97 3691.55 3822.67 3943.01 4045.32 4132.72 4182.86 4198.03 4169.08 4085.49 3979.28 3879.42 3781.94 3694.57 3657.91 3663.39 3657.53 3645.83 3637.51 3623.36 3613.98 3605.15 3597.38 3594.78 3616.80 3640.95 3626.75 3618.11 3636.74 3664.63 3703.10 3745.91 3808.45 3876.81 3930.67 3987.03 4031.57 4072.26 4124.24 4175.83 4225.55 4274.26 4336.37 4394.08 4444.28 4523.09 4617.21 4680.30 4691.64 4669.48 4645.13 4645.71 4663.14 4685.38 4734.17 4768.86 4751.00 4739.56 4758.63 4797.17 4852.94 4920.60 5027.81 5126.20 5153.06 5172.64 5218.99
3550.99 3648.80 3751.28 3847.01 3939.18 4020.60 4081.14 4107.51 4088.69 4023.17 3930.94 3841.19 3753.12 3671.19 3645.71 3662.03 3636.92 3611.19 3619.98 3620.69 3620.71 3621.01 3612.93 3607.39 3645.30 3683.20 3652.84 3630.75 3651.75 3687.68 3738.98 3791.26 3871.09 3950.85 3998.82 4057.31 4100.12 4141.44 4204.09 4262.95 4324.10 4384.54 4439.75 4488.19 4543.91 4612.76 4682.31 4737.40 4771.20 4788.08 4790.08 4800.28 4835.77 4880.08 4966.28 5031.48 4980.04 4930.42 4951.07 4993.81 5038.73 5093.86 5173.05 5246.56 5293.77 5328.29 5347.06
3512.41 3591.88 3678.20 3761.26 3858.57 3949.81 3988.26 3994.88 3979.56 3926.76 3854.86 3782.00 3701.85 3623.38 3603.65 3624.02 3605.40 3592.30 3610.28 3618.27 3624.76 3630.99 3647.31 3662.69 3677.07 3688.93 3657.57 3637.07 3664.24 3712.07 3774.88 3835.64 3899.60 3958.03 4004.78 4070.23 4140.35 4211.21 4292.21 4365.59 4431.38 4496.21 4558.99 4612.47 4682.31 4750.03 4769.39 4791.43 4847.81 4904.19 4941.13 4969.64 5020.44 5083.95 5157.92 5203.61 5166.66 5126.28 5134.84 5167.81 5208.29 5257.35 5346.94 5434.43 5452.43 5452.59 5464.69
3474.45 3539.60 3613.24 3684.01 3783.14 3879.51 3891.73 3876.80 3863.15 3819.23 3764.21 3707.62 3638.26 3567.46 3557.23 3583.18 3569.78 3566.86 3591.92 3606.85 3620.69 3633.36 3674.32 3710.68 3702.43 3690.12 3659.51 3641.03 3671.60 3726.04 3795.17 3861.93 3913.26 3957.81 4010.95 4087.02 4183.62 4281.79 4378.78 4465.48 4534.77 4601.64 4669.46 4726.32 4816.52 4897.96 4882.19 4878.04 4949.60 5029.40 5085.31 5125.13 5189.35 5267.32 5324.19 5348.13 5326.89 5298.34 5297.12 5320.72 5356.53 5400.44 5501.43 5603.06 5594.09 5565.59 5576.83
3440.09 3488.00 3558.98 3628.17 3689.10 3749.98 3766.32 3760.83 3757.52 3729.98 3689.51 3647.94 3590.54 3530.50 3502.94 3505.71 3517.84 3544.89 3582.73 3610.88 3626.28 3636.46 3671.23 3700.93 3683.82 3663.55 3649.84 3647.06 3681.99 3740.50 3803.51 3867.29 3933.67 3996.91 4077.41 4180.21 4276.85 4375.97 4484.60 4580.20 4648.65 4714.89 4788.93 4848.70 4954.50 5050.65 5028.17 5020.58 5091.77 5170.74 5229.03 5272.29 5352.24 5438.47 5466.99 5466.51 5452.77 5431.93 5426.07 5441.20 5504.81 5585.92 5650.05 5707.59 5715.50 5700.39 5703.93
3415.52 3440.66 3503.98 3570.51 3595.93 3624.57 3647.79 3652.90 3660.58 3650.71 3625.60 3598.32 3551.69 3502.21 3457.54 3437.23 3475.31 3533.28 3584.56 3625.47 3638.19 3638.27 3659.57 3679.36 3654.93 3630.06 3636.70 3651.34 3689.55 3749.36 3803.34 3862.65 3945.19 4029.81 4140.25 4270.43 4367.45 4469.43 4591.76 4697.03 4766.95 4838.10 4924.10 4989.70 5110.21 5218.37 5186.33 5173.85 5243.11 5318.02 5375.37 5420.23 5509.16 5589.49 5575.66 5544.41 5541.03 5534.20 5530.13 5539.92 5640.72 5779.20 5826.43 5848.71 5868.47 5856.08 5841.21
3408.69 3408.20 3450.07 3500.68 3513.17 3531.64 3576.37 3605.18 3595.69 3573.98 3554.02 3530.38 3499.17 3465.33 3435.92 3426.22 3473.81 3545.33 3595.40 3634.12 3641.99 3630.15 3633.55 3639.93 3668.33 3699.31 3671.40 3648.64 3690.24 3751.32 3798.06 3854.32 3937.57 4027.68 4138.66 4266.64 4392.13 4525.21 4663.33 4780.81 4862.73 4949.89 5059.17 5142.10 5213.05 5268.79 5276.87 5308.65 5370.23 5435.03 5507.25 5569.42 5627.09 5661.45 5646.64 5626.40 5633.76 5641.77 5635.94 5636.98 5738.36 5897.41 5983.87 6026.51 6037.91 6007.77 5970.33
3406.70 3391.04 3423.46 3467.21 3472.10 3484.11 3552.53 3605.74 3576.75 3537.59 3515.84 3489.52 3467.89 3443.73 3424.93 3423.95 3479.33 3560.32 3604.18 3636.25 3638.61 3618.18 3607.94 3603.03 3683.09 3767.48 3702.86 3642.40 3689.81 3755.95 3798.90 3853.41 3935.08 4025.90 4132.16 4254.33 4404.96 4564.52 4714.24 4841.86 4933.41 5032.17 5160.90 5260.58 5285.23 5293.22 5345.56 5423.21 5477.76 5534.12 5622.58 5701.78 5732.90 5733.68 5730.68 5727.32 5743.10 5761.03 5748.99 5740.35 5835.04 5996.28 6103.08 6157.34 6164.60 6126.09 6075.18
3417.70 3429.63 3440.66 3460.58 3478.36 3501.09 3536.44 3558.99 3545.97 3522.76 3544.66 3561.92 3511.78 3465.27 3455.37 3456.55 3482.46 3526.16 3582.87 3635.70 3629.41 3604.98 3602.81 3601.71 3643.12 3689.16 3689.20 3693.97 3710.74 3746.73 3802.69 3870.69 3954.58 4046.38 4151.98 4274.77 4424.07 4581.12 4734.42 4867.73 4974.81 5086.50 5209.72 5307.54 5363.58 5415.42 5471.87 5539.60 5609.36 5678.93 5771.61 5855.37 5882.66 5874.67 5860.45 5850.10 5861.81 5872.64 5864.80 5862.77 5932.16 6058.21 6167.69 6233.25 6230.92 6190.77 6149.75
3422.19 3466.48 3460.71 3458.40 3486.05 3513.90 3510.78 3500.22 3503.42 3496.92 3563.52 3625.59 3554.60 3500.91 3514.74 3524.79 3513.39 3502.53 3554.83 3620.59 3610.11 3591.57 3607.37 3614.57 3617.06 3624.07 3687.91 3757.07 3742.46 3747.59 3815.93 3896.94 3981.06 4069.78 4170.17 4290.15 4434.28 4583.36 4735.19 4871.69 4991.09 5109.68 5222.25 5317.62 5420.83 5547.39 5637.95 5709.02 5792.00 5870.69 5962.99 6047.67 6064.14 6035.38 5998.59 5976.22 5981.66 5980.81 5973.25 5977.64 6014.99 6087.64 6180.93 6249.15 6245.16 6220.94 6208.12
3376.57 3416.36 3430.31 3442.23 3469.79 3492.86 3484.37 3474.04 3477.42 3471.92 3505.89 3535.57 3504.09 3503.49 3545.08 3567.72 3576.31 3568.18 3541.85 3546.28 3574.86 3605.45 3636.79 3649.89 3644.25 3642.84 3680.30 3723.58 3737.07 3770.83 3837.04 3916.63 4005.76 4095.69 4203.15 4332.44 4485.36 4640.57 4761.31 4871.78 4984.30 5091.45 5216.08 5331.99 5451.32 5621.27 5786.80 5901.23 5983.78 6057.43 6141.88 6219.92 6227.67 6180.50 6122.57 6090.25 6086.28 6071.31 6072.73 6092.47 6104.04 6129.31 6176.88 6217.60 6232.30 6245.09 6264.93
3341.94 3371.77 3399.94 3423.41 3452.81 3475.76 3466.64 3458.67 3462.33 3458.15 3459.94 3457.72 3459.86 3498.73 3554.40 3583.43 3619.95 3631.86 3544.22 3495.25 3558.43 3628.28 3665.29 3679.80 3666.07 3656.30 3667.34 3684.46 3725.58 3787.44 3850.99 3928.66 4023.33 4116.09 4232.08 4370.62 4532.68 4696.24 4788.22 4873.38 4982.03 5085.31 5229.84 5370.20 5493.19 5678.46 5890.65 6035.22 6117.68 6187.61 6265.42 6336.72 6339.16 6282.52 6212.66 6174.64 6164.30 6142.02 6159.50 6198.47 6194.68 6194.16 6217.37 6240.44 6267.25 6302.25 6340.17
3350.35 3374.24 3405.75 3432.96 3462.58 3495.72 3510.14 3516.76 3521.07 3509.47 3482.60 3461.13 3464.90 3501.69 3568.72 3611.01 3618.80 3605.17 3540.87 3512.08 3567.64 3628.23 3666.16 3683.56 3667.86 3655.82 3667.14 3684.67 3726.10 3789.09 3853.96 3933.28 4031.81 4130.28 4244.26 4376.91 4514.97 4652.69 4760.37 4865.69 4989.40 5113.54 5257.39 5395.78 5532.52 5717.86 5917.48 6058.39 6146.23 6222.11 6294.69 6356.60 6361.22 6311.55 6250.78 6219.31 6214.99 6204.76 6213.70 6240.50 6267.23 6294.80 6303.97 6311.72 6340.87 6381.59 6427.68
3363.76 3380.45 3414.12 3444.64 3484.43 3549.30 3608.74 3639.70 3635.42 3596.12 3520.24 3470.07 3471.96 3499.40 3570.62 3623.04 3605.49 3573.55 3539.82 3534.58 3580.88 3628.41 3663.44 3681.99 3664.27 3649.84 3661.29 3679.10 3721.11 3785.88 3852.65 3933.56 4038.99 4150.53 4269.96 4400.08 4511.46 4617.46 4734.76 4857.02 4997.07 5145.78 5292.34 5429.19 5565.29 5721.51 5879.73 6003.55 6099.40 6187.90 6262.19 6318.12 6329.72 6297.10 6255.37 6234.96 6240.61 6251.04 6259.95 6278.20 6333.74 6386.30 6378.54 6370.01 6402.27 6449.56 6504.41
