5 Erosion Sim/106576406.asc
nrows 512
ncols 512
xllcenter 0.000000
yllcenter 0.000000
cellsize 5.000000
NODATA_value  -9999
[rows 203 to 231 of 512, columns 201 to 267 of 512]
2988.45 3001.29 3049.91 3097.48 3111.21 3128.60 3160.10 3188.60 3221.54 3253.26 3266.00 3278.23 3319.92 3351.21 3332.26 3311.66 3310.54 3304.38 3299.27 3287.91 3281.90 3274.45 3227.91 3185.90 3166.85 3140.58 3095.25 3047.67 3055.39 3062.89 3064.66 3067.60 2978.62 2901.49 2881.25 2863.58 2852.13 2839.25 2845.41 2838.17 2786.79 2734.66 2694.35 2656.51 2638.26 2638.13 2667.61 2683.23 2622.42 2534.79 2453.48 2391.30 2360.05 2340.16 2329.30 2326.14 2328.98 2337.53 2375.26 2418.55 2431.27 2453.17 2496.25 2531.81 2560.97 2590.39 2644.60
3037.09 3050.56 3109.89 3168.60 3168.87 3172.60 3214.35 3253.92 3279.97 3306.65 3338.35 3364.63 3424.57 3473.58 3424.57 3376.58 3390.36 3399.76 3393.55 3384.02 3378.12 3371.05 3334.05 3296.74 3277.63 3252.33 3221.18 3187.10 3237.61 3285.58 3240.16 3195.89 3101.37 3014.91 2971.78 2930.00 2914.28 2898.85 2874.95 2840.39 2809.45 2777.93 2728.19 2683.99 2671.84 2682.84 2697.78 2691.40 2655.35 2590.28 2494.96 2421.44 2387.66 2362.38 2346.58 2342.53 2341.15 2344.55 2391.60 2442.83 2433.60 2437.87 2482.06 2517.10 2544.52 2571.84 2682.69
3094.77 3114.74 3168.99 3221.72 3243.00 3267.26 3303.81 3339.43 3365.68 3391.70 3430.86 3462.43 3497.60 3521.55 3490.19 3462.31 3482.88 3501.75 3490.83 3477.47 3479.54 3480.41 3465.93 3446.52 3420.95 3388.40 3363.40 3336.61 3358.82 3377.74 3322.36 3266.47 3203.77 3151.63 3107.32 3056.84 3021.54 2980.91 2975.77 2969.99 2901.44 2837.68 2798.05 2761.81 2740.37 2737.76 2764.44 2771.67 2706.18 2613.27 2525.02 2457.50 2419.04 2389.15 2395.63 2414.99 2391.74 2372.40 2399.43 2429.11 2431.02 2444.52 2480.21 2511.35 2543.50 2580.86 2669.31
3151.18 3178.46 3228.54 3275.81 3317.61 3361.22 3391.38 3422.58 3450.62 3479.42 3529.69 3568.73 3579.29 3577.38 3562.71 3554.63 3581.86 3609.56 3592.98 3574.84 3585.30 3596.10 3606.37 3605.92 3572.50 3529.59 3507.54 3486.33 3479.95 3469.70 3404.32 3336.80 3312.32 3308.75 3277.80 3225.86 3165.38 3085.87 3085.49 3102.01 2998.59 2908.71 2885.10 2858.96 2823.51 2798.06 2827.44 2844.13 2750.47 2632.73 2554.59 2494.42 2450.80 2415.31 2443.08 2485.40 2441.37 2401.70 2411.24 2420.83 2431.70 2449.02 2470.61 2495.13 2534.24 2586.81 2657.80
3197.36 3236.70 3286.09 3331.50 3371.52 3412.17 3448.79 3488.28 3530.34 3574.72 3624.42 3659.47 3683.99 3694.63 3674.53 3663.61 3677.66 3693.49 3701.15 3707.81 3728.72 3751.76 3762.85 3758.17 3721.23 3671.99 3644.22 3619.82 3599.12 3574.07 3514.14 3450.70 3440.34 3462.11 3446.66 3395.71 3314.18 3199.59 3127.68 3089.33 3013.21 2958.79 2953.86 2940.29 2919.52 2900.11 2880.73 2855.97 2783.70 2690.73 2602.68 2529.88 2484.12 2446.08 2486.07 2542.28 2491.22 2445.43 2454.94 2462.02 2457.68 2454.44 2484.56 2524.56 2547.05 2590.56 2670.86
3244.12 3294.55 3342.61 3386.29 3425.81 3465.46 3510.37 3558.96 3614.27 3672.68 3720.84 3752.76 3794.19 3820.98 3798.54 3786.27 3786.80 3789.43 3819.16 3847.91 3875.14 3905.11 3912.47 3901.63 3862.21 3808.80 3777.19 3749.77 3713.52 3672.45 3617.03 3557.35 3555.74 3591.34 3580.78 3528.04 3435.50 3303.40 3176.64 3090.81 3038.37 3011.24 3016.26 3009.87 3005.25 2998.22 2936.97 2873.94 2821.52 2750.17 2649.11 2562.32 2514.95 2475.41 2528.65 2599.21 2540.59 2487.70 2496.65 2502.00 2486.78 2470.15 2515.43 2573.62 2575.77 2602.24 2683.19
3364.10 3395.56 3435.63 3474.31 3517.45 3560.96 3607.81 3659.92 3730.53 3801.76 3842.24 3868.32 3889.44 3896.89 3888.19 3888.90 3940.99 3998.04 3991.80 3980.73 4011.89 4041.40 4036.25 4016.65 3985.38 3941.20 3906.26 3873.07 3840.46 3803.63 3755.35 3701.47 3670.80 3671.31 3667.87 3628.13 3524.78 3387.43 3272.83 3193.04 3125.19 3078.53 3069.02 3051.60 3022.20 2992.31 2940.70 2886.65 2836.41 2768.04 2667.96 2582.70 2552.22 2533.47 2537.00 2554.55 2527.48 2502.34 2502.35 2502.76 2500.74 2502.11 2559.48 2624.48 2619.11 2633.03 2710.59
3544.40 3546.34 3566.56 3591.67 3632.80 3674.86 3719.72 3773.79 3857.22 3935.64 3962.40 3978.87 3978.97 3967.82 3974.08 3988.55 4095.62 4214.15 4178.73 4130.37 4160.53 4179.95 4152.89 4120.30 4098.91 4067.76 4033.17 3995.63 3967.28 3936.60 3897.50 3850.38 3784.94 3737.92 3729.45 3697.93 3590.82 3462.04 3373.11 3305.47 3218.11 3142.57 3108.54 3074.06 3018.97 2967.52 2927.47 2883.45 2835.92 2771.73 2674.25 2592.34 2584.04 2595.37 2557.99 2526.46 2527.22 2521.74 2505.01 2497.57 2514.78 2545.97 2626.96 2703.93 2686.01 2676.19 2738.68
3709.84 3707.30 3723.57 3750.57 3773.77 3798.95 3853.03 3921.62 3970.82 4008.97 4037.33 4059.41 4072.48 4076.88 4084.08 4098.79 4186.01 4290.93 4301.78 4291.49 4303.58 4295.88 4262.50 4232.74 4213.87 4188.27 4158.77 4121.59 4097.42 4072.87 4063.28 4043.38 3938.57 3839.72 3787.50 3725.57 3633.32 3531.66 3454.58 3384.98 3295.49 3207.83 3142.86 3084.72 3031.24 2985.73 2939.43 2888.27 2830.09 2757.15 2669.54 2598.40 2582.88 2594.71 2589.76 2581.99 2573.78 2551.45 2522.95 2512.74 2555.89 2623.52 2694.31 2749.17 2737.65 2722.56 2761.09
3860.51 3859.24 3876.89 3907.04 3910.68 3917.94 3980.69 4063.59 4080.40 4082.40 4116.36 4145.53 4170.04 4187.41 4193.14 4207.10 4271.10 4354.85 4404.29 4428.43 4426.22 4400.02 4368.98 4346.01 4327.81 4303.64 4275.09 4236.34 4215.23 4194.46 4212.08 4218.41 4080.42 3943.30 3860.98 3775.17 3692.51 3605.72 3528.14 3451.00 3362.91 3270.60 3181.99 3103.06 3048.97 3005.44 2949.14 2889.24 2820.68 2739.43 2662.27 2602.54 2576.94 2582.12 2602.26 2614.91 2601.78 2571.56 2540.36 2531.69 2596.18 2689.63 2739.54 2767.37 2766.58 2755.77 2779.71
3985.50 3987.65 4002.46 4025.38 4018.25 4017.45 4053.28 4113.91 4162.54 4204.38 4293.90 4368.38 4345.00 4306.14 4310.51 4333.71 4380.60 4443.59 4496.54 4525.64 4528.25 4509.79 4489.91 4475.40 4461.82 4440.62 4397.59 4344.29 4317.66 4290.17 4259.41 4218.32 4122.69 4028.12 3938.12 3845.55 3770.99 3692.67 3606.43 3518.51 3425.90 3326.28 3235.04 3153.10 3074.00 3005.22 2957.89 2911.07 2827.10 2734.53 2665.39 2612.64 2584.99 2585.54 2602.45 2613.11 2625.40 2625.00 2579.56 2553.50 2608.78 2688.34 2741.16 2774.94 2789.63 2799.51 2814.98
4069.55 4082.42 4102.08 4122.16 4106.46 4100.45 4111.81 4151.12 4241.27 4344.54 4511.41 4641.46 4561.84 4447.66 4431.44 4455.12 4482.73 4520.27 4572.10 4604.29 4615.22 4611.67 4610.02 4607.17 4597.65 4578.22 4519.56 4451.32 4418.52 4382.58 4301.71 4212.49 4158.56 4104.90 4005.46 3905.19 3839.43 3771.40 3678.43 3580.74 3483.70 3376.81 3283.17 3198.98 3094.64 2998.73 2958.26 2923.61 2826.32 2726.68 2669.66 2625.46 2592.83 2582.92 2590.88 2596.99 2638.02 2674.73 2622.23 2581.81 2623.27 2679.27 2725.41 2760.81 2798.25 2844.97 2868.27
4125.84 4153.24 4158.38 4156.69 4144.61 4145.20 4172.25 4229.13 4333.77 4471.94 4641.27 4752.19 4723.11 4640.24 4555.07 4530.41 4578.17 4629.97 4673.26 4701.22 4708.94 4708.70 4713.23 4709.72 4698.51 4675.23 4618.89 4553.72 4510.62 4462.08 4394.46 4320.39 4265.24 4209.27 4096.08 3983.71 3906.33 3828.30 3758.50 3681.25 3561.12 3428.94 3317.15 3215.14 3108.07 3007.29 2947.76 2898.70 2814.69 2734.14 2678.73 2632.39 2600.28 2585.51 2602.10 2621.65 2633.80 2649.71 2634.38 2623.72 2649.83 2680.84 2705.55 2728.06 2786.98 2869.73 2917.13
4166.29 4204.65 4193.00 4171.43 4167.12 4176.89 4220.94 4295.64 4405.27 4557.97 4709.87 4793.63 4825.70 4795.21 4661.70 4597.90 4668.19 4739.76 4780.30 4807.28 4809.71 4806.85 4811.36 4804.31 4792.16 4766.68 4714.45 4653.51 4601.56 4542.94 4490.99 4433.27 4377.59 4320.40 4194.25 4069.58 3978.77 3888.02 3838.98 3781.29 3639.31 3484.44 3357.73 3241.06 3135.37 3035.06 2961.14 2899.80 2826.87 2760.10 2700.54 2648.49 2617.74 2602.11 2631.75 2666.82 2646.40 2633.30 2646.64 2661.20 2675.08 2689.45 2701.34 2714.94 2788.59 2892.74 2950.09
4168.12 4198.30 4198.17 4190.01 4211.42 4249.96 4297.56 4371.27 4468.73 4599.74 4736.58 4815.77 4833.16 4795.62 4707.25 4680.23 4744.09 4809.78 4857.70 4891.81 4909.45 4921.31 4926.37 4918.36 4900.99 4866.89 4837.01 4800.05 4716.14 4625.32 4564.01 4497.39 4421.04 4344.09 4243.25 4142.34 4051.48 3959.13 3879.59 3793.09 3669.21 3535.11 3409.22 3291.28 3209.42 3134.06 3029.33 2936.10 2861.41 2791.96 2735.35 2688.21 2653.18 2632.41 2655.18 2684.43 2669.46 2661.49 2690.28 2719.84 2714.17 2709.62 2725.44 2742.71 2799.21 2881.20 2935.73
4124.34 4147.95 4162.71 4173.45 4230.43 4310.62 4372.91 4450.22 4525.45 4613.24 4713.93 4779.97 4792.10 4766.04 4740.83 4758.56 4816.54 4878.17 4936.07 4980.13 5015.96 5045.43 5053.24 5045.13 5019.65 4970.24 4955.35 4937.45 4818.86 4693.38 4620.98 4545.00 4449.41 4355.44 4282.45 4206.21 4113.36 4015.74 3902.25 3785.61 3682.81 3575.63 3456.98 3341.50 3285.93 3239.07 3106.77 2983.23 2905.88 2831.60 2776.16 2734.19 2695.58 2668.89 2683.51 2706.29 2696.58 2693.14 2736.35 2779.39 2753.04 2729.37 2749.38 2770.51 2804.91 2853.70 2894.01
4062.17 4105.57 4117.83 4130.63 4200.24 4298.55 4383.06 4469.73 4544.28 4610.83 4686.36 4750.36 4775.18 4778.36 4806.16 4858.01 4905.47 4959.17 5028.58 5084.42 5123.85 5156.15 5173.61 5171.62 5162.75 5122.08 5043.39 4965.54 4870.85 4769.57 4687.72 4604.71 4518.50 4435.92 4348.23 4254.04 4154.62 4047.25 3929.72 3813.07 3752.74 3694.14 3583.86 3472.06 3363.28 3265.30 3147.82 3036.05 2957.49 2880.20 2815.98 2769.34 2739.09 2718.20 2711.95 2715.05 2710.99 2712.03 2738.32 2763.37 2760.23 2761.49 2773.13 2786.01 2809.93 2836.78 2860.04
3973.94 4040.74 4054.64 4072.65 4153.62 4264.54 4365.15 4458.12 4541.95 4609.74 4682.70 4755.10 4785.05 4800.51 4864.19 4942.14 4978.81 5024.57 5105.75 5173.94 5217.50 5252.81 5279.93 5284.03 5293.86 5266.46 5128.31 4992.06 4920.66 4843.27 4751.92 4662.15 4584.31 4510.49 4405.39 4292.12 4187.87 4074.32 3956.43 3841.71 3822.08 3807.63 3701.38 3591.73 3429.46 3278.80 3174.45 3073.84 2996.05 2919.77 2850.91 2801.88 2781.75 2769.59 2745.22 2729.85 2731.09 2735.80 2744.21 2750.49 2769.41 2793.82 2795.45 2799.38 2817.34 2832.13 2848.11
3848.95 3920.77 3977.82 4039.79 4163.96 4311.64 4386.47 4451.43 4531.33 4598.39 4669.55 4739.83 4795.14 4843.12 4910.08 4981.55 5031.20 5085.74 5163.77 5236.48 5288.74 5331.96 5364.44 5370.17 5356.85 5304.43 5185.00 5065.09 4980.73 4892.43 4797.50 4705.50 4619.88 4536.42 4451.80 4359.62 4242.40 4115.68 3986.77 3862.24 3803.71 3751.29 3651.49 3548.89 3413.61 3288.27 3186.33 3088.59 3022.35 2966.54 2915.27 2877.36 2847.23 2819.46 2803.06 2799.45 2787.45 2776.06 2779.44 2781.04 2793.03 2811.37 2811.70 2815.57 2837.90 2856.01 2882.09
3731.16 3810.00 3911.57 4016.64 4177.12 4349.71 4387.44 4419.11 4495.56 4563.41 4634.11 4702.15 4789.41 4885.83 4972.18 5044.27 5099.23 5146.25 5204.64 5273.62 5333.79 5384.92 5423.08 5430.64 5395.64 5321.55 5224.49 5123.30 5028.51 4933.30 4838.61 4746.31 4652.48 4557.94 4492.45 4421.19 4291.39 4151.36 4011.23 3877.09 3779.94 3689.43 3595.86 3500.29 3390.71 3287.73 3185.31 3089.35 3042.05 3022.45 3004.34 2984.41 2938.69 2883.49 2863.33 2866.16 2840.04 2810.63 2807.24 2803.75 2809.79 2823.48 2823.77 2828.16 2855.43 2878.15 2915.73
3655.40 3745.35 3850.53 3957.15 4095.10 4234.27 4293.86 4352.89 4437.09 4516.39 4599.24 4677.49 4799.16 4946.67 5056.43 5133.65 5177.75 5200.39 5230.32 5286.59 5353.86 5412.41 5470.77 5495.52 5450.18 5366.56 5272.77 5171.48 5077.47 4986.39 4894.19 4803.19 4706.08 4605.63 4514.81 4420.10 4300.64 4170.16 4025.53 3888.29 3798.68 3715.97 3605.95 3494.60 3404.72 3318.14 3202.28 3095.35 3052.12 3053.40 3067.97 3065.33 3018.02 2949.47 2913.73 2911.53 2886.60 2854.97 2833.96 2814.65 2814.56 2823.27 2866.57 2914.08 2895.37 2872.13 2903.29
3625.10 3718.29 3817.44 3916.99 4029.69 4138.77 4225.22 4313.92 4403.81 4490.37 4580.67 4665.45 4811.18 4990.35 5104.60 5178.09 5216.96 5228.10 5241.79 5288.93 5359.55 5421.67 5497.21 5537.93 5481.74 5387.78 5297.24 5197.74 5106.34 5019.37 4928.97 4839.10 4740.37 4637.14 4524.37 4408.57 4301.28 4182.60 4035.53 3896.44 3814.95 3740.41 3614.04 3486.61 3417.29 3349.79 3223.41 3107.11 3060.78 3066.53 3096.89 3103.01 3057.91 2986.23 2945.48 2943.12 2920.84 2890.33 2855.48 2823.14 2818.27 2822.67 2909.21 2999.88 2935.13 2865.90 2890.98
3638.36 3732.42 3818.94 3907.56 4013.33 4116.42 4211.82 4308.78 4399.27 4488.13 4585.07 4675.01 4800.29 4951.07 5057.25 5130.48 5177.68 5205.88 5239.52 5297.11 5367.49 5424.88 5472.58 5490.79 5448.77 5371.60 5284.97 5187.60 5091.85 4998.28 4903.72 4811.15 4715.79 4616.73 4512.86 4406.01 4299.56 4188.29 4078.39 3968.98 3853.44 3737.91 3613.32 3493.72 3407.70 3325.93 3225.50 3133.60 3078.49 3069.80 3087.31 3085.77 3049.80 2993.68 2944.47 2927.48 2911.77 2886.07 2883.98 2886.33 2854.38 2830.84 2888.43 2950.37 2922.00 2890.06 2898.15
3651.69 3741.74 3810.62 3885.30 3983.75 4081.61 4186.90 4292.29 4384.55 4478.96 4585.97 4682.72 4779.75 4884.80 4965.45 5030.23 5094.11 5157.92 5229.44 5303.96 5366.59 5406.43 5414.20 5404.57 5379.34 5325.07 5249.18 5158.78 5059.51 4957.45 4856.23 4759.99 4669.30 4577.02 4485.38 4390.97 4295.49 4209.60 4154.12 4082.38 3926.37 3754.79 3616.25 3495.89 3393.09 3300.06 3229.34 3164.04 3095.18 3060.17 3052.58 3037.28 3016.00 2988.71 2944.55 2919.09 2908.28 2883.82 2911.17 2947.36 2888.70 2836.61 2864.24 2896.58 2904.97 2912.04 2905.30
3627.43 3707.44 3781.42 3864.86 3956.73 4050.16 4160.22 4269.13 4382.54 4502.05 4600.16 4684.82 4765.92 4837.48 4880.92 4925.47 5005.51 5103.82 5245.41 5368.87 5383.72 5366.29 5354.80 5338.70 5310.61 5260.33 5218.09 5157.87 5041.58 4917.39 4814.10 4718.20 4629.68 4542.40 4481.94 4419.17 4323.01 4250.59 4213.57 4142.84 3989.11 3803.54 3633.28 3494.21 3392.68 3306.68 3241.31 3179.03 3110.69 3063.27 3036.73 3013.65 3000.07 2994.64 2965.41 2941.57 2927.46 2896.31 2900.15 2917.26 2879.34 2845.96 2857.94 2874.60 2890.43 2907.59 2914.03
3592.67 3665.72 3747.81 3840.95 3924.59 4010.97 4123.27 4234.29 4366.89 4507.78 4593.32 4664.12 4736.97 4792.26 4815.65 4847.57 4933.96 5045.43 5235.60 5397.61 5368.38 5303.17 5282.19 5264.12 5231.40 5181.32 5169.26 5138.29 5008.17 4867.42 4767.49 4674.57 4588.72 4507.10 4478.72 4448.82 4346.55 4273.90 4241.39 4165.51 4020.57 3834.69 3646.20 3494.25 3391.34 3307.18 3242.23 3181.05 3118.99 3071.13 3037.43 3011.86 2999.49 3001.74 2973.27 2944.62 2929.23 2895.86 2880.70 2880.91 2864.53 2851.32 2848.96 2850.32 2872.73 2898.69 2917.18
3561.90 3632.45 3726.20 3828.01 3901.16 3980.63 4089.85 4195.33 4307.99 4425.14 4520.79 4606.40 4672.00 4722.43 4761.55 4806.22 4889.89 4989.84 5115.20 5218.10 5216.12 5182.94 5192.67 5204.46 5163.02 5115.81 5117.59 5092.88 4984.61 4858.42 4743.37 4639.57 4557.44 4481.99 4440.30 4398.44 4319.39 4261.71 4226.79 4152.98 4028.59 3870.66 3711.50 3577.79 3441.78 3318.95 3228.89 3152.04 3107.74 3076.03 3021.78 2975.13 2955.14 2948.62 2931.04 2915.15 2915.04 2906.25 2895.45 2891.75 2875.31 2855.65 2846.03 2844.18 2877.20 2915.41 2921.51
3522.75 3596.74 3708.15 3821.19 3886.82 3966.26 4079.24 4182.06 4269.92 4353.08 4448.55 4543.97 4604.27 4654.83 4714.73 4774.30 4848.81 4923.50 4970.59 5008.68 5038.37 5045.98 5095.01 5140.52 5098.88 5073.26 5107.44 5097.02 5003.31 4876.58 4731.55 4610.35 4531.66 4461.31 4405.02 4350.27 4286.60 4227.41 4173.84 4094.94 4001.92 3895.38 3789.25 3685.42 3511.18 3336.60 3208.06 3109.64 3083.41 3068.08 2993.58 2926.37 2898.23 2880.96 2872.10 2867.95 2891.35 2925.13 2936.52 2936.60 2913.79 2874.63 2844.83 2833.82 2877.16 2927.21 2920.38
3484.96 3574.31 3678.20 3777.36 3853.18 3950.26 4074.75 4182.58 4257.92 4319.22 4412.15 4514.97 4563.10 4606.99 4673.93 4734.84 4792.75 4835.41 4855.38 4880.09 4924.87 4956.51 4983.77 5001.31 5018.35 5072.58 5116.10 5096.77 4999.66 4854.67 4698.54 4579.50 4500.68 4431.18 4385.40 4342.64 4270.44 4186.05 4103.64 4010.16 3927.63 3852.39 3772.34 3671.67 3506.29 3326.75 3189.53 3098.54 3090.83 3092.61 2999.59 2913.62 2877.77 2850.02 2834.54 2826.44 2860.47 2923.55 2971.50 2989.61 2959.08 2899.21 2848.85 2828.67 2847.64 2874.44 2879.30
