5 Erosion Sim/106576406.asc
nrows 512
ncols 512
xllcenter 0.000000
yllcenter 0.000000
cellsize 5.000000
NODATA_value  -9999
[rows 348 to 376 of 512, columns 67 to 133 of 512]
3847.84 3813.70 3832.75 3850.83 3807.73 3765.80 3776.23 3830.33 3905.48 3979.74 4035.71 4078.81 4145.35 4201.43 4182.18 4133.19 4093.89 4050.12 4022.13 4011.89 4013.53 4032.93 4060.18 4094.53 4126.13 4156.67 4201.54 4240.59 4245.88 4242.78 4282.65 4320.85 4294.12 4248.76 4237.59 4208.48 4112.08 4028.71 3978.90 3927.40 3891.08 3865.49 3866.04 3892.55 3945.90 3976.99 3936.83 3885.75 3830.00 3778.82 3741.96 3695.72 3729.92 3783.49 3703.37 3629.11 3649.46 3662.63 3635.98 3615.96 3618.86 3622.69 3627.48 3637.44 3674.51 3741.14 3827.99
3896.14 3852.80 3859.65 3868.76 3844.80 3818.54 3813.01 3845.55 3909.73 3978.36 4043.61 4101.99 4158.75 4200.46 4194.54 4156.22 4114.18 4070.79 4031.32 4007.55 4004.27 4020.60 4053.02 4093.37 4133.33 4171.97 4209.64 4241.69 4257.36 4263.45 4290.91 4319.29 4310.02 4280.67 4253.71 4208.36 4128.26 4059.52 4011.29 3960.08 3914.31 3880.29 3888.49 3919.41 3935.89 3934.24 3909.34 3881.09 3846.00 3804.80 3761.64 3702.69 3673.15 3672.16 3630.20 3596.55 3616.89 3629.69 3607.16 3588.10 3587.61 3589.89 3623.26 3665.63 3678.31 3719.46 3818.95
3936.18 3885.68 3884.19 3892.42 3895.69 3889.06 3862.82 3862.81 3904.99 3963.25 4043.70 4129.78 4189.04 4221.92 4226.23 4191.88 4140.36 4094.13 4040.90 3998.86 3985.92 3996.92 4034.61 4081.39 4130.10 4176.85 4207.51 4233.40 4260.40 4276.12 4292.73 4314.71 4326.28 4314.39 4271.74 4210.59 4147.38 4093.83 4046.65 3994.03 3937.08 3894.15 3906.95 3934.94 3907.13 3869.45 3870.03 3886.99 3895.14 3874.80 3819.30 3733.06 3625.00 3562.91 3560.32 3569.48 3591.86 3605.06 3583.47 3558.66 3548.12 3545.84 3609.97 3689.38 3681.93 3698.70 3809.54
3963.67 3946.46 3921.54 3913.82 3934.33 3937.35 3911.90 3900.90 3924.40 3975.56 4050.34 4143.09 4228.55 4276.04 4270.88 4220.69 4197.40 4186.01 4133.23 4087.16 4036.06 4013.24 4037.78 4072.43 4122.29 4169.53 4205.28 4237.20 4271.42 4292.82 4306.90 4330.57 4349.54 4341.64 4301.92 4243.76 4187.43 4139.42 4080.18 4013.09 3954.23 3911.63 3903.05 3902.03 3871.59 3839.38 3873.08 3943.46 3968.99 3943.88 3864.05 3738.36 3608.05 3540.56 3579.60 3633.48 3614.10 3583.75 3569.09 3544.58 3525.18 3519.79 3560.89 3623.13 3653.69 3703.85 3805.56
3985.55 4000.53 3949.38 3918.82 3949.73 3959.69 3941.09 3931.59 3948.94 3999.22 4063.66 4151.66 4251.66 4308.37 4296.53 4236.76 4247.86 4273.86 4223.15 4177.09 4091.90 4036.99 4047.65 4068.86 4118.44 4165.07 4204.71 4240.96 4280.87 4307.30 4316.99 4338.13 4360.05 4353.53 4315.64 4259.36 4209.20 4166.83 4097.24 4018.72 3961.03 3920.62 3894.99 3873.46 3848.70 3825.84 3883.54 3987.26 4010.68 3973.44 3878.89 3731.57 3596.30 3531.42 3611.23 3707.21 3643.06 3567.12 3561.21 3542.46 3519.94 3514.10 3529.57 3568.80 3631.10 3710.85 3801.36
3973.59 3969.20 3935.76 3919.80 3938.29 3938.92 3947.30 3969.43 3966.27 3991.64 4068.71 4166.31 4254.88 4302.98 4297.36 4244.76 4213.47 4195.84 4143.42 4098.72 4052.54 4033.74 4051.07 4076.33 4144.16 4211.92 4231.39 4249.59 4286.33 4307.32 4320.21 4338.39 4346.87 4333.05 4309.84 4271.61 4213.86 4160.83 4113.47 4057.47 3978.62 3915.90 3888.41 3865.21 3843.35 3823.88 3853.92 3923.37 3962.42 3948.28 3854.06 3713.89 3589.45 3528.06 3570.05 3629.77 3609.43 3575.90 3565.98 3541.80 3527.17 3530.28 3580.42 3654.66 3681.43 3724.55 3807.00
3957.37 3935.12 3915.84 3907.19 3905.98 3893.75 3933.33 3997.02 3983.52 3988.89 4076.10 4177.14 4247.97 4284.52 4285.95 4242.51 4170.59 4109.60 4057.60 4020.07 4018.85 4038.66 4059.65 4082.87 4163.07 4249.59 4251.50 4256.82 4295.46 4313.29 4323.22 4324.90 4306.39 4279.11 4273.91 4261.10 4203.36 4143.65 4119.70 4087.46 3987.97 3901.98 3870.70 3844.18 3824.09 3807.68 3803.60 3824.61 3865.82 3870.37 3786.31 3671.23 3575.12 3525.71 3532.53 3560.52 3588.62 3600.46 3586.64 3555.29 3546.47 3557.49 3642.64 3752.35 3743.34 3748.06 3818.54
3956.00 3934.78 3936.46 3941.92 3901.64 3857.18 3884.05 3945.60 3969.81 4003.35 4086.84 4177.45 4241.75 4277.76 4268.65 4216.55 4150.54 4092.67 4047.68 4023.95 4053.89 4098.65 4092.91 4083.91 4127.02 4182.92 4215.80 4256.74 4303.91 4325.08 4333.20 4319.53 4271.46 4228.21 4230.63 4232.97 4176.07 4110.68 4074.81 4030.30 3952.93 3886.13 3845.26 3809.76 3793.79 3783.32 3764.75 3757.65 3764.94 3752.40 3694.75 3620.90 3558.27 3525.47 3538.41 3576.09 3625.98 3656.47 3676.11 3674.77 3615.47 3577.76 3622.40 3691.37 3713.17 3745.68 3817.25
3954.53 3932.17 3957.61 3983.63 3910.75 3836.83 3846.24 3895.64 3947.66 4004.86 4087.65 4174.42 4238.73 4277.13 4256.14 4192.55 4129.55 4073.19 4031.73 4014.66 4068.68 4135.02 4105.13 4069.95 4082.10 4110.20 4171.95 4243.86 4294.87 4317.28 4329.72 4314.22 4250.19 4197.31 4204.39 4215.14 4152.41 4078.70 4030.45 3971.77 3914.37 3865.53 3814.67 3769.74 3757.57 3752.99 3727.51 3708.97 3699.31 3678.17 3641.38 3594.91 3551.77 3529.64 3548.15 3593.35 3662.84 3711.45 3766.63 3798.77 3692.28 3607.29 3610.29 3635.91 3685.46 3743.38 3815.30
3998.35 3981.40 3971.61 3953.01 3886.65 3828.56 3844.23 3901.48 3993.86 4091.01 4130.61 4170.75 4221.90 4249.91 4232.64 4174.30 4112.22 4054.08 4008.67 3985.65 4008.17 4045.66 4044.62 4042.70 4059.57 4089.13 4146.42 4212.43 4264.01 4288.00 4286.97 4258.51 4203.43 4159.36 4154.14 4154.15 4114.41 4063.43 4030.26 3982.91 3910.32 3846.22 3789.65 3741.77 3728.16 3721.90 3705.00 3693.20 3679.27 3659.72 3627.13 3587.93 3565.46 3558.70 3577.34 3618.45 3668.46 3702.18 3741.31 3760.36 3686.69 3629.20 3640.64 3672.78 3724.65 3782.14 3835.34
4091.19 4088.60 4034.20 3950.47 3870.10 3818.39 3840.80 3907.18 4041.15 4178.55 4171.16 4156.90 4187.23 4201.34 4190.06 4142.15 4086.18 4028.62 3977.17 3943.57 3929.89 3936.29 3967.48 4006.51 4035.72 4069.99 4121.04 4177.68 4226.47 4250.53 4236.57 4196.38 4151.62 4117.30 4101.34 4093.45 4079.50 4052.76 4034.25 3996.89 3907.99 3828.86 3770.09 3725.35 3716.12 3710.85 3697.91 3682.53 3653.95 3631.10 3605.91 3581.41 3587.23 3599.60 3614.06 3640.96 3661.25 3675.51 3702.50 3716.86 3684.38 3658.18 3678.98 3719.63 3775.64 3833.21 3865.71
4181.06 4192.69 4120.73 3998.87 3877.73 3805.60 3817.25 3875.08 3978.70 4084.34 4104.88 4111.25 4150.20 4180.07 4166.77 4121.36 4062.91 3997.40 3946.70 3909.26 3888.76 3893.27 3921.17 3965.44 4005.48 4042.91 4097.97 4155.59 4198.79 4220.33 4203.23 4161.31 4127.79 4104.23 4079.01 4064.67 4060.52 4041.88 4013.13 3961.54 3871.02 3791.72 3750.09 3727.57 3735.23 3742.70 3708.35 3663.59 3627.87 3609.12 3592.58 3584.23 3604.48 3622.65 3673.21 3725.99 3705.11 3688.34 3715.60 3737.72 3726.58 3711.95 3750.90 3808.90 3836.89 3862.33 3887.98
4221.03 4237.92 4157.71 4018.12 3876.58 3793.22 3793.05 3840.01 3910.76 3982.92 4033.82 4067.34 4121.66 4170.37 4152.74 4104.93 4039.22 3963.86 3916.47 3880.20 3857.72 3862.48 3883.19 3924.16 3966.33 4002.49 4062.22 4123.30 4163.60 4183.90 4163.37 4119.22 4096.60 4084.11 4049.38 4027.03 4030.97 4019.72 3982.59 3920.90 3833.54 3757.96 3734.01 3731.13 3752.41 3771.08 3719.58 3654.50 3620.24 3608.41 3595.31 3594.06 3620.23 3640.52 3732.00 3820.91 3768.91 3725.34 3748.56 3769.58 3771.10 3764.09 3820.36 3893.92 3892.23 3885.12 3905.78
4201.87 4201.20 4145.98 4040.05 3892.15 3793.56 3787.47 3824.44 3882.96 3944.45 4016.23 4073.72 4088.62 4097.96 4088.35 4049.84 3992.06 3924.45 3870.85 3827.85 3803.46 3805.14 3831.88 3876.88 3921.68 3962.12 4017.98 4078.21 4124.25 4148.59 4117.40 4064.05 4034.11 4014.46 4000.95 3996.16 3988.42 3969.63 3933.03 3875.91 3811.28 3754.63 3727.40 3718.94 3724.38 3727.71 3697.59 3656.87 3618.68 3601.70 3598.05 3603.65 3644.86 3683.18 3737.73 3792.10 3772.67 3758.48 3791.09 3820.73 3834.61 3838.98 3861.25 3895.55 3903.56 3907.09 3925.44
4153.15 4124.57 4102.79 4049.63 3914.60 3809.52 3793.46 3810.65 3845.01 3885.35 3971.88 4050.91 4026.09 3996.28 3996.22 3970.96 3926.36 3871.98 3817.28 3771.95 3748.76 3748.54 3779.21 3823.42 3865.50 3906.51 3958.97 4022.18 4078.30 4108.77 4067.49 4006.25 3970.35 3944.33 3948.24 3952.35 3924.16 3893.82 3861.79 3818.33 3786.01 3753.70 3723.32 3707.18 3694.27 3681.07 3674.39 3662.47 3624.84 3604.90 3607.98 3614.10 3663.92 3717.30 3737.43 3762.86 3781.50 3798.96 3840.55 3878.41 3904.36 3920.00 3905.62 3894.87 3906.92 3918.82 3939.78
4118.75 4095.49 4050.92 3994.35 3911.36 3839.11 3810.47 3803.13 3818.06 3841.27 3881.82 3922.38 3913.17 3901.66 3904.27 3886.71 3870.99 3846.00 3789.40 3740.52 3718.87 3715.76 3732.73 3757.97 3782.41 3808.87 3870.73 3949.87 3997.59 4016.25 3993.69 3953.41 3926.65 3909.37 3901.46 3885.17 3849.38 3820.25 3797.81 3773.52 3762.20 3743.12 3707.27 3681.03 3681.09 3682.26 3660.71 3639.29 3639.28 3653.41 3645.19 3633.74 3658.24 3692.65 3728.53 3775.11 3817.67 3852.58 3905.31 3953.59 3969.72 3974.87 3955.84 3932.27 3928.59 3929.24 3984.63
4139.98 4131.86 4055.60 3976.13 3925.73 3877.53 3837.88 3809.04 3806.85 3812.35 3801.99 3796.79 3796.61 3800.49 3805.79 3796.18 3810.06 3815.84 3759.15 3708.38 3689.47 3684.01 3688.81 3698.28 3708.08 3721.00 3789.06 3877.94 3911.24 3915.37 3911.02 3890.55 3871.74 3862.57 3846.76 3818.80 3784.08 3759.93 3743.28 3730.20 3732.10 3722.95 3683.73 3651.45 3668.42 3685.81 3647.48 3612.29 3645.57 3691.71 3674.96 3652.23 3657.63 3675.69 3724.24 3785.65 3845.78 3895.07 3958.57 4017.05 4023.20 4017.80 3997.03 3967.11 3954.41 3947.41 4033.80
4175.32 4146.18 4087.28 4025.23 3971.76 3920.68 3896.94 3885.81 3867.00 3842.97 3827.02 3818.62 3785.84 3766.23 3767.23 3750.72 3744.56 3739.46 3700.16 3662.03 3654.23 3657.75 3654.33 3653.89 3659.88 3668.11 3712.24 3774.30 3807.00 3816.79 3814.34 3799.84 3796.04 3799.39 3819.19 3827.50 3763.15 3708.79 3692.19 3679.34 3677.44 3666.52 3644.94 3628.78 3633.71 3637.37 3614.92 3599.04 3627.16 3666.23 3665.03 3658.04 3670.15 3694.64 3743.71 3804.01 3862.99 3911.77 3964.49 4011.83 4028.15 4032.31 4019.28 3996.14 3995.56 3998.98 4034.67
4208.80 4160.02 4118.93 4074.92 4018.96 3965.38 3968.60 3999.48 3989.04 3948.60 3929.46 3919.20 3854.43 3811.45 3800.22 3759.16 3714.94 3689.81 3663.36 3630.02 3625.93 3635.24 3624.28 3615.31 3619.00 3623.76 3640.97 3668.50 3692.67 3704.48 3706.94 3704.99 3722.62 3741.12 3796.43 3841.39 3747.76 3663.08 3644.28 3627.28 3617.08 3601.78 3596.32 3594.14 3585.16 3574.32 3570.16 3578.74 3606.71 3640.63 3654.40 3662.54 3680.75 3711.01 3758.82 3814.91 3869.72 3916.41 3958.12 3994.34 4020.95 4034.74 4030.21 4015.66 4029.35 4044.94 4033.20
4289.03 4280.95 4196.72 4109.78 4064.43 4021.35 4015.61 4054.67 4078.59 4048.44 3999.64 3960.30 3909.76 3887.41 3866.52 3802.24 3721.00 3676.48 3665.54 3640.10 3609.21 3595.16 3600.00 3606.34 3596.27 3586.23 3597.50 3611.27 3613.20 3612.72 3620.78 3631.82 3659.00 3680.64 3696.17 3702.44 3663.30 3632.10 3604.94 3577.19 3571.44 3564.41 3556.99 3551.01 3544.75 3536.64 3562.26 3606.56 3619.08 3632.42 3660.25 3682.60 3705.63 3740.44 3792.41 3849.82 3891.72 3927.69 3969.97 4006.76 4033.23 4046.33 4086.93 4118.01 4114.23 4110.61 4076.73
4350.71 4382.91 4256.12 4126.67 4092.24 4059.97 4037.38 4067.74 4111.24 4089.82 4020.47 3960.69 3930.81 3931.64 3907.46 3833.53 3727.57 3666.27 3668.91 3653.69 3599.69 3564.34 3585.42 3607.93 3585.46 3562.64 3574.11 3584.57 3574.09 3565.70 3576.10 3592.90 3622.16 3643.02 3617.42 3583.13 3596.61 3617.64 3582.54 3545.74 3545.71 3546.16 3535.13 3524.74 3521.21 3515.96 3568.73 3642.83 3633.74 3623.08 3663.88 3699.22 3725.88 3764.18 3820.56 3881.06 3911.96 3937.89 3980.27 4017.11 4043.04 4055.29 4140.73 4216.99 4195.72 4173.91 4117.97
4323.48 4321.14 4236.79 4146.85 4102.50 4061.22 4035.08 4051.08 4074.71 4043.19 3971.13 3909.34 3872.13 3865.48 3850.04 3802.95 3740.18 3704.82 3701.60 3682.48 3639.53 3612.59 3630.66 3642.71 3603.32 3571.00 3575.10 3575.80 3565.07 3559.12 3574.69 3595.37 3606.94 3611.13 3594.25 3569.93 3575.54 3588.20 3564.43 3540.35 3540.27 3539.37 3558.25 3576.37 3544.42 3512.24 3552.64 3612.82 3623.97 3635.28 3663.22 3687.40 3716.54 3755.30 3812.91 3875.43 3914.78 3947.79 3991.71 4028.19 4060.94 4082.07 4138.20 4186.25 4148.81 4110.10 4077.23
4289.38 4260.28 4223.03 4173.74 4119.11 4069.13 4030.00 4009.05 3989.46 3936.12 3860.20 3796.11 3751.75 3737.78 3749.20 3769.11 3790.37 3801.17 3796.94 3781.01 3755.58 3740.05 3747.89 3733.19 3660.44 3611.00 3604.97 3590.18 3573.54 3567.48 3586.78 3607.97 3598.03 3582.74 3573.77 3560.05 3558.86 3563.67 3552.44 3543.83 3546.44 3545.31 3592.43 3635.72 3572.05 3511.46 3537.93 3580.86 3609.08 3641.27 3658.77 3676.24 3712.12 3753.22 3812.87 3879.13 3928.32 3968.24 4010.47 4041.31 4075.94 4103.74 4131.60 4153.73 4102.59 4048.51 4035.45
4278.82 4271.20 4244.31 4198.51 4142.34 4090.84 4053.65 4009.97 3926.67 3830.70 3750.73 3684.21 3641.48 3629.40 3671.38 3762.66 3877.31 3943.86 3929.68 3907.80 3893.24 3881.82 3861.67 3802.34 3729.53 3696.21 3680.94 3651.57 3610.81 3586.50 3594.23 3600.17 3590.74 3577.85 3567.16 3554.55 3549.84 3550.51 3548.94 3552.91 3563.79 3568.04 3583.14 3591.36 3549.88 3514.84 3553.83 3606.10 3607.12 3615.96 3652.47 3692.65 3732.90 3773.78 3837.33 3908.86 3964.59 4008.01 4034.07 4044.87 4062.95 4079.36 4093.45 4104.33 4103.19 4097.42 4061.16
4243.39 4259.04 4247.68 4213.26 4162.97 4113.77 4089.33 4045.46 3920.73 3792.09 3707.22 3636.64 3593.97 3583.12 3638.40 3763.19 3933.61 4039.43 4014.23 3982.71 3975.12 3966.14 3925.59 3838.03 3781.52 3771.75 3749.74 3711.26 3651.85 3611.79 3608.85 3601.45 3594.28 3584.18 3570.14 3555.83 3544.97 3540.25 3546.92 3560.40 3576.49 3584.65 3569.05 3545.26 3529.07 3521.00 3574.22 3639.63 3617.31 3604.67 3658.57 3717.64 3758.40 3797.28 3863.40 3937.29 3996.56 4041.83 4053.10 4047.60 4052.97 4059.76 4059.28 4057.20 4104.32 4146.02 4090.30
4207.39 4235.10 4229.05 4199.73 4165.14 4124.23 4088.82 4033.03 3928.09 3815.95 3724.79 3646.45 3595.15 3578.89 3630.52 3743.84 3877.83 3958.79 3958.25 3951.36 3976.95 3998.04 3938.05 3837.65 3781.57 3765.03 3741.33 3704.20 3668.45 3649.45 3648.72 3644.44 3631.39 3612.32 3604.04 3604.23 3603.42 3602.47 3624.97 3644.75 3618.45 3593.72 3579.09 3555.94 3542.05 3536.99 3563.81 3602.87 3619.57 3646.68 3691.81 3742.22 3805.59 3866.00 3904.70 3947.96 4002.32 4044.00 4061.38 4063.72 4062.35 4062.22 4073.79 4085.02 4103.63 4116.13 4081.93
4158.09 4195.68 4194.85 4172.55 4156.15 4125.09 4081.41 4019.05 3939.44 3847.09 3749.36 3660.82 3598.11 3575.16 3612.46 3690.69 3764.43 3809.27 3833.38 3852.05 3911.96 3963.77 3891.56 3794.06 3754.17 3738.19 3716.01 3686.93 3681.47 3686.55 3690.75 3695.59 3682.78 3657.86 3663.96 3696.91 3724.26 3735.24 3764.04 3769.23 3679.65 3612.54 3598.39 3574.82 3562.16 3559.60 3559.37 3570.63 3624.85 3690.87 3727.34 3769.65 3856.26 3938.45 3947.93 3956.74 4002.46 4039.10 4064.38 4078.00 4073.20 4067.64 4091.69 4117.14 4107.95 4091.08 4076.31
4071.84 4104.54 4133.71 4143.77 4147.96 4130.70 4091.51 4035.98 3984.08 3914.09 3795.04 3681.28 3606.58 3575.58 3592.01 3627.98 3681.58 3730.21 3756.54 3778.56 3805.72 3821.82 3785.82 3739.73 3723.87 3716.28 3704.16 3691.60 3692.08 3696.73 3705.70 3719.95 3723.43 3708.83 3720.89 3778.03 3839.57 3868.08 3880.50 3848.44 3719.39 3633.72 3625.78 3607.50 3585.03 3573.89 3581.98 3600.68 3641.13 3694.69 3734.48 3780.73 3858.45 3930.45 3954.38 3972.72 4032.83 4087.61 4088.68 4081.35 4083.20 4081.93 4101.62 4124.01 4121.43 4109.43 4105.71
4004.78 4027.27 4079.13 4113.32 4131.42 4125.33 4089.56 4038.53 4012.64 3965.95 3830.05 3697.10 3615.73 3579.03 3584.61 3600.07 3654.63 3715.18 3740.64 3762.42 3753.89 3733.12 3726.49 3716.73 3709.89 3704.21 3699.72 3697.68 3697.93 3699.34 3710.92 3729.98 3745.58 3740.43 3752.05 3817.03 3895.99 3934.26 3939.75 3891.33 3743.72 3649.05 3647.86 3635.97 3604.75 3585.48 3602.25 3629.15 3656.43 3697.40 3739.40 3788.14 3855.67 3916.90 3957.36 3990.03 4069.69 4145.68 4122.42 4092.21 4098.40 4100.33 4114.69 4131.70 4133.02 4123.72 4130.68
