5 Erosion Sim/106576406.asc
nrows 512
ncols 512
xllcenter 0.000000
yllcenter 0.000000
cellsize 5.000000
NODATA_value  -9999
[rows 232 to 260 of 512, columns 268 to 334 of 512]
2852.77 2872.24 2888.42 2898.71 2903.23 2902.18 2892.83 2879.11 2865.90 2854.35 2850.01 2885.09 2927.21 2933.56 2949.55 2968.48 2979.56 3012.97 3049.98 3082.74 3114.18 3137.24 3171.55 3204.13 3233.92 3290.34 3349.25 3391.91 3422.47 3410.63 3367.57 3347.06 3346.34 3319.37 3292.33 3295.66 3304.37 3332.92 3375.36 3398.39 3407.32 3421.80 3426.79 3446.69 3476.06 3476.44 3503.09 3576.21 3663.17 3733.08 3801.34 3873.55 3906.42 3976.85 4019.34 3898.28 3765.70 3691.33 3625.26 3564.34 3533.74 3593.85 3675.69 3683.55 3684.09 3706.25 3709.67
2847.15 2857.29 2865.62 2873.80 2878.01 2877.22 2868.85 2856.08 2843.90 2837.75 2839.64 2863.97 2893.33 2904.16 2921.08 2955.96 2986.36 3003.84 3023.25 3041.88 3060.38 3094.55 3142.67 3189.15 3229.78 3272.33 3315.65 3345.46 3364.89 3362.91 3331.25 3302.19 3291.17 3270.56 3251.35 3263.08 3279.25 3288.81 3310.43 3335.94 3348.76 3357.25 3355.18 3350.89 3357.05 3373.46 3415.62 3497.82 3593.06 3658.27 3722.17 3792.27 3825.23 3845.52 3842.08 3763.25 3676.77 3661.42 3655.28 3587.82 3546.50 3594.19 3661.96 3688.30 3707.01 3754.10 3781.85
2855.15 2850.26 2846.39 2849.72 2852.72 2853.13 2847.90 2839.01 2831.13 2834.74 2848.26 2866.46 2885.07 2897.08 2907.56 2951.11 2997.78 2998.30 2997.25 2998.78 3002.97 3051.14 3119.34 3185.93 3240.07 3266.83 3290.64 3303.76 3310.33 3319.77 3302.79 3268.21 3247.74 3233.89 3224.58 3246.98 3271.70 3260.70 3258.14 3282.83 3298.14 3299.82 3288.72 3258.22 3240.25 3272.07 3327.70 3415.52 3514.10 3568.60 3622.31 3685.88 3717.18 3689.44 3646.11 3619.18 3591.78 3650.78 3719.37 3656.46 3608.60 3642.15 3692.19 3732.65 3765.73 3835.34 3886.12
2852.55 2837.23 2826.28 2863.51 2905.62 2877.01 2845.51 2843.11 2842.38 2846.35 2861.84 2908.44 2950.07 2936.18 2913.23 2928.58 2954.65 2960.36 2960.97 2988.67 3021.72 3044.18 3092.67 3165.46 3219.17 3243.50 3261.20 3271.07 3278.29 3283.93 3266.21 3240.10 3224.09 3214.69 3213.03 3231.07 3249.51 3249.52 3254.40 3253.58 3246.74 3240.13 3218.49 3196.75 3189.61 3203.97 3238.77 3298.96 3367.13 3424.02 3481.08 3533.67 3560.28 3550.09 3536.03 3543.93 3559.67 3611.17 3671.39 3668.64 3666.12 3722.26 3790.59 3834.88 3871.88 3914.35 3938.85
2847.04 2819.06 2798.48 2867.51 2947.95 2890.62 2833.44 2838.39 2845.89 2850.18 2866.03 2939.17 3002.95 2966.80 2918.28 2913.30 2922.45 2935.01 2940.66 2997.87 3061.31 3055.16 3077.53 3150.06 3200.40 3223.94 3239.20 3249.53 3259.12 3259.22 3236.82 3215.16 3201.63 3195.14 3198.05 3208.74 3219.56 3232.17 3248.02 3225.27 3198.00 3184.22 3154.34 3143.69 3148.50 3144.46 3156.06 3185.72 3221.11 3279.06 3338.91 3380.40 3402.33 3411.97 3432.61 3481.83 3546.16 3593.13 3645.87 3702.88 3744.80 3823.14 3909.95 3958.09 3998.08 4011.25 4006.83
2843.80 2799.26 2764.77 2783.72 2820.77 2798.86 2781.06 2797.63 2816.74 2839.72 2872.31 2926.67 2969.33 2954.06 2925.09 2942.38 2975.27 2965.34 2949.15 2987.26 3030.01 3039.37 3075.37 3148.63 3200.97 3222.34 3234.85 3236.81 3238.86 3238.92 3216.90 3185.65 3160.96 3172.96 3194.90 3176.72 3159.52 3165.08 3173.46 3167.47 3157.28 3141.69 3112.18 3107.69 3116.31 3107.71 3110.91 3146.71 3184.96 3198.82 3213.68 3239.88 3255.49 3277.47 3326.24 3400.60 3495.95 3606.06 3720.46 3809.70 3866.93 3931.68 4000.20 4048.81 4089.56 4107.10 4106.60
2842.35 2783.97 2738.13 2708.88 2703.35 2717.66 2740.75 2770.21 2800.94 2840.86 2887.53 2920.73 2941.27 2945.41 2932.59 2968.74 3023.79 2992.29 2956.34 2977.47 3000.53 3023.99 3070.50 3141.41 3194.47 3213.25 3221.91 3214.37 3208.43 3209.94 3191.47 3153.88 3119.73 3150.76 3192.43 3145.99 3101.02 3099.18 3099.33 3109.37 3116.00 3101.00 3077.00 3083.83 3098.74 3087.87 3087.57 3134.90 3179.68 3148.43 3113.38 3118.83 3125.55 3158.50 3231.81 3326.18 3446.67 3616.62 3793.14 3916.22 3988.86 4037.00 4082.47 4127.11 4166.55 4187.95 4190.48
2844.38 2775.42 2720.83 2689.55 2685.82 2705.97 2738.79 2772.50 2805.96 2848.22 2894.65 2931.55 2955.60 2956.30 2936.69 2941.86 2969.19 2964.88 2957.95 2979.96 3001.29 3023.77 3065.80 3137.98 3195.43 3196.69 3186.53 3182.08 3180.66 3179.25 3160.19 3134.44 3109.07 3105.76 3113.69 3088.21 3064.46 3068.17 3073.08 3070.99 3066.33 3056.60 3042.82 3071.31 3102.89 3072.20 3052.30 3093.09 3126.79 3098.59 3061.25 3039.20 3028.76 3064.88 3150.83 3275.04 3428.99 3617.05 3815.02 3977.61 4074.96 4133.99 4184.65 4234.64 4282.46 4281.08 4260.05
2839.53 2766.76 2709.09 2679.67 2679.20 2703.58 2742.24 2775.54 2807.78 2850.23 2895.66 2936.28 2964.04 2962.80 2939.62 2916.96 2917.81 2939.42 2959.12 2979.69 2998.25 3021.36 3062.39 3139.44 3203.13 3187.87 3160.58 3160.82 3164.73 3159.45 3137.63 3121.74 3104.87 3068.05 3042.74 3038.47 3036.01 3045.68 3056.21 3042.89 3027.43 3020.83 3012.48 3057.91 3104.20 3053.72 3014.44 3050.32 3077.20 3060.88 3032.98 2993.64 2970.44 3006.15 3095.26 3235.77 3407.37 3594.71 3793.66 3978.86 4092.76 4163.02 4222.49 4282.25 4341.33 4318.92 4276.52
2822.59 2752.30 2694.92 2663.45 2661.52 2683.94 2719.40 2757.00 2794.11 2852.69 2919.80 3004.11 3070.24 3032.68 2970.77 2937.57 2930.29 2950.87 2971.85 2997.40 3017.80 3038.24 3073.31 3127.54 3170.75 3170.91 3158.70 3150.43 3146.99 3140.53 3118.25 3095.58 3071.56 3040.89 3021.19 3016.83 3014.47 3017.77 3021.52 3011.74 3001.29 3011.99 3021.93 3034.62 3046.38 3014.96 2995.48 3027.36 3049.42 3041.85 3028.15 3002.65 2988.29 3012.89 3084.40 3214.28 3378.16 3558.92 3747.16 3910.34 4009.64 4083.06 4151.14 4194.96 4233.30 4232.79 4210.37
2798.02 2733.52 2676.94 2642.62 2638.64 2657.92 2687.43 2726.13 2765.60 2844.09 2943.52 3082.56 3192.13 3115.89 3010.34 2962.02 2945.16 2968.44 2997.42 3034.40 3059.55 3074.14 3095.91 3119.30 3136.78 3149.20 3148.62 3129.09 3117.24 3110.45 3089.55 3062.25 3032.84 3009.13 2995.16 2990.52 2988.15 2984.67 2981.09 2975.10 2971.78 3004.23 3037.88 3022.51 3001.85 2990.39 2992.28 3021.53 3039.03 3044.89 3056.45 3056.01 3055.61 3062.60 3100.99 3201.73 3342.39 3499.84 3655.95 3778.34 3854.25 3934.86 4022.25 4061.33 4084.44 4104.54 4098.48
2765.21 2711.20 2659.67 2627.38 2624.94 2650.84 2683.68 2709.45 2737.08 2812.82 2922.02 3049.41 3136.45 3090.12 3009.79 2978.72 2984.81 2999.51 3025.16 3071.28 3098.63 3109.05 3118.52 3165.62 3211.71 3170.33 3115.56 3097.53 3090.72 3086.59 3070.37 3045.12 3017.09 2995.00 2981.30 2972.35 2965.62 2961.67 2957.88 2947.38 2943.17 2968.21 2996.17 2997.69 2988.79 2989.18 3004.17 3030.54 3043.16 3052.57 3079.55 3118.70 3146.93 3128.51 3122.99 3179.06 3279.88 3403.24 3517.26 3603.61 3663.55 3760.47 3876.72 3931.49 3960.01 3973.23 3956.07
2734.33 2694.28 2653.23 2627.98 2629.27 2662.39 2699.89 2713.89 2729.82 2796.62 2902.85 3005.97 3064.72 3050.79 3001.38 2993.34 3025.20 3029.07 3045.95 3095.71 3122.78 3131.46 3133.86 3209.67 3286.13 3190.67 3082.19 3066.36 3065.03 3063.30 3051.11 3027.36 3000.75 2981.22 2969.20 2957.27 2946.77 2943.84 2943.18 2931.78 2929.04 2946.72 2967.56 2984.27 2986.40 2997.95 3024.20 3045.80 3052.57 3060.11 3090.77 3157.77 3209.31 3168.37 3124.84 3141.06 3201.63 3291.47 3370.22 3428.21 3475.30 3582.64 3716.10 3775.06 3803.70 3811.82 3787.78
2703.90 2699.43 2695.18 2665.31 2653.98 2681.15 2711.07 2731.15 2752.29 2847.69 2975.59 3020.52 3029.92 3030.47 3005.01 2999.12 3024.89 3045.07 3072.43 3114.13 3137.17 3140.71 3136.05 3168.76 3200.36 3134.88 3060.29 3039.46 3032.86 3028.48 3013.68 2994.21 2973.36 2957.59 2949.68 2940.79 2931.33 2946.06 2970.74 2960.43 2955.61 2978.89 3000.79 3018.24 3021.74 3025.09 3040.39 3074.43 3095.45 3080.22 3082.37 3118.96 3146.78 3122.83 3089.46 3103.91 3153.38 3215.35 3280.07 3324.57 3358.01 3431.09 3520.55 3575.06 3611.80 3626.62 3613.14
2666.95 2699.23 2736.61 2707.42 2685.91 2707.40 2730.39 2757.37 2784.38 2901.52 3035.38 3006.24 2959.03 2982.37 2999.23 3013.76 3041.50 3072.27 3098.05 3119.77 3133.41 3132.92 3123.71 3116.06 3104.64 3073.15 3039.93 3021.36 3012.80 3004.66 2984.66 2966.77 2950.27 2938.72 2936.35 2932.01 2924.36 2960.93 3019.99 3019.56 3016.12 3040.46 3054.68 3064.38 3065.50 3058.80 3058.90 3101.23 3134.80 3091.17 3051.99 3045.27 3043.46 3042.25 3031.99 3058.43 3104.95 3152.88 3229.75 3285.99 3316.76 3343.35 3362.55 3386.28 3418.58 3442.73 3446.94
2633.02 2663.29 2704.01 2719.25 2732.64 2746.16 2760.37 2800.28 2839.32 2885.78 2933.02 2917.67 2901.24 2932.94 2977.38 3026.41 3070.14 3116.33 3145.47 3122.21 3101.78 3110.04 3109.76 3100.14 3084.36 3063.49 3048.03 3028.50 3014.09 3004.15 2980.61 2955.31 2934.07 2967.19 3010.89 3008.18 2999.68 2998.28 3031.09 3059.83 3076.77 3099.86 3104.33 3099.06 3091.37 3088.30 3087.08 3095.82 3100.16 3060.90 3013.08 2985.58 2976.48 2985.48 2988.46 2993.69 3004.90 3054.15 3157.59 3255.31 3310.36 3310.01 3278.11 3269.42 3295.53 3306.26 3305.59
2614.47 2634.68 2667.83 2717.93 2762.06 2767.74 2773.74 2827.56 2880.05 2864.74 2842.87 2858.38 2880.42 2911.67 2964.30 3028.15 3078.21 3143.99 3187.23 3130.02 3080.62 3097.50 3106.05 3095.11 3076.95 3066.52 3064.72 3039.43 3016.90 3006.11 2980.84 2949.64 2923.67 2999.60 3086.72 3083.31 3072.99 3028.61 3023.76 3069.44 3099.40 3121.85 3121.93 3107.86 3094.34 3097.20 3099.71 3080.13 3058.10 3030.01 2987.37 2952.70 2942.45 2959.16 2970.97 2953.28 2934.77 2985.17 3100.74 3222.73 3293.65 3277.29 3218.46 3201.09 3230.77 3222.72 3207.72
2614.34 2631.24 2659.98 2702.60 2740.28 2772.19 2804.25 2841.52 2877.75 2866.75 2850.08 2863.74 2882.36 2914.89 2965.75 3023.08 3069.16 3113.75 3139.12 3111.38 3088.32 3098.52 3099.22 3081.45 3058.50 3044.76 3038.32 3046.60 3058.17 3023.11 2975.25 2951.50 2931.77 2958.48 2995.42 2998.76 2995.54 2977.81 2995.29 3037.23 3066.19 3089.43 3093.41 3080.54 3067.36 3092.54 3120.74 3090.21 3054.08 3024.12 2977.76 2942.92 2933.92 2941.35 2943.35 2944.23 2943.64 2975.41 3062.64 3177.45 3249.01 3213.73 3142.47 3114.00 3126.14 3137.20 3147.27
2615.44 2628.01 2649.97 2682.72 2712.79 2770.82 2829.00 2850.13 2871.07 2866.83 2858.96 2874.03 2890.64 2921.46 2963.88 3007.78 3046.09 3071.74 3085.65 3094.05 3100.46 3102.84 3093.28 3066.94 3039.98 3024.39 3013.08 3054.05 3099.25 3041.69 2975.20 2963.28 2952.83 2931.25 2917.80 2927.26 2930.83 2935.27 2964.40 2990.25 3008.76 3028.85 3036.55 3026.36 3014.51 3065.37 3126.69 3092.83 3046.49 3013.64 2960.37 2922.00 2912.69 2911.69 2906.11 2928.74 2949.79 2957.86 3000.57 3091.12 3155.51 3107.78 3037.87 3011.46 3010.70 3043.43 3087.12
2602.01 2644.02 2692.97 2695.59 2697.75 2751.28 2805.31 2829.03 2853.52 2859.67 2864.15 2886.56 2906.75 2935.33 2968.50 2995.35 3022.19 3055.17 3083.98 3113.65 3134.94 3146.10 3143.55 3096.50 3053.60 3035.10 3017.65 3050.01 3086.92 3040.27 2988.96 2978.78 2967.64 2951.81 2941.84 2951.59 2955.67 2947.00 2950.84 2954.00 2954.87 2962.39 2964.93 2976.34 2986.35 3007.26 3046.24 3048.62 3031.69 2998.05 2939.90 2889.08 2870.37 2887.27 2901.45 2903.55 2904.32 2908.69 2926.60 2970.56 3004.52 2983.96 2954.39 2943.45 2942.93 2968.86 3017.83
2580.40 2652.85 2731.10 2705.88 2681.09 2730.41 2781.18 2808.47 2837.22 2853.04 2867.75 2895.29 2918.02 2946.97 2976.65 2992.11 3009.86 3046.52 3082.66 3126.12 3158.95 3181.00 3190.06 3127.12 3071.02 3051.66 3031.38 3058.23 3088.25 3051.40 3012.82 3002.08 2989.57 2980.90 2976.71 2988.90 2994.52 2975.39 2959.44 2944.85 2929.02 2919.37 2909.45 2935.70 2964.59 2952.39 2962.15 2993.93 3003.44 2970.93 2911.88 2852.51 2826.17 2861.35 2896.32 2879.32 2861.45 2872.65 2886.85 2905.03 2918.29 2918.45 2914.24 2903.54 2896.12 2910.05 2953.39
2602.31 2638.16 2682.51 2706.78 2728.52 2749.34 2768.14 2789.14 2816.70 2846.25 2872.76 2902.07 2926.50 2968.45 3014.52 3031.45 3045.75 3062.72 3075.13 3098.58 3116.84 3165.73 3205.16 3132.14 3065.84 3067.39 3067.01 3069.91 3073.62 3055.16 3038.27 3036.96 3032.74 3034.02 3037.45 3045.79 3047.63 3016.57 2981.22 2963.31 2943.31 2907.19 2873.40 2882.66 2900.71 2890.18 2902.99 2945.08 2964.46 2931.98 2874.24 2823.19 2802.78 2832.68 2864.66 2855.64 2846.67 2876.49 2906.73 2905.08 2895.75 2891.90 2881.22 2859.32 2840.58 2849.55 2888.17
2642.63 2644.40 2660.70 2740.34 2811.19 2798.50 2774.48 2778.25 2799.33 2840.70 2875.54 2903.28 2927.92 2987.49 3060.17 3088.89 3104.67 3097.99 3077.41 3071.50 3070.99 3147.57 3219.09 3137.50 3061.20 3082.70 3101.17 3079.28 3056.37 3057.91 3066.14 3077.55 3082.82 3091.83 3098.64 3099.04 3095.34 3051.76 2995.82 2973.93 2950.73 2890.64 2835.59 2829.92 2837.91 2829.58 2846.61 2900.17 2929.76 2898.58 2845.36 2805.93 2792.97 2817.02 2844.78 2842.36 2841.35 2888.39 2932.33 2908.89 2876.67 2869.71 2853.41 2821.33 2792.58 2796.82 2829.27
2632.94 2653.29 2694.24 2775.56 2841.89 2829.05 2795.25 2784.55 2801.83 2846.14 2880.56 2896.82 2912.12 2965.59 3041.45 3122.03 3179.45 3145.51 3088.24 3073.66 3074.78 3114.01 3151.93 3107.54 3066.81 3082.03 3093.32 3086.92 3078.35 3079.84 3092.72 3116.03 3129.82 3142.62 3149.02 3152.96 3155.60 3096.71 3018.98 2967.86 2916.72 2874.15 2838.77 2801.32 2780.74 2784.60 2815.70 2866.00 2891.02 2876.38 2843.00 2806.31 2792.14 2805.69 2823.88 2833.44 2845.65 2897.87 2943.88 2920.98 2889.14 2874.03 2847.65 2810.88 2777.72 2770.58 2789.83
2615.21 2651.00 2710.13 2786.72 2845.53 2836.76 2802.62 2786.54 2803.29 2850.46 2886.25 2893.20 2900.21 2943.34 3013.13 3136.58 3232.26 3176.59 3093.30 3080.43 3087.89 3088.30 3088.95 3077.47 3068.86 3075.49 3077.82 3085.82 3091.20 3090.63 3103.51 3133.65 3152.72 3169.51 3178.01 3188.42 3198.91 3127.47 3034.55 2962.39 2890.91 2871.86 2860.90 2794.75 2746.61 2761.73 2804.89 2849.76 2868.74 2868.25 2850.53 2812.64 2795.49 2798.22 2805.90 2825.82 2848.94 2904.79 2953.10 2931.96 2901.98 2880.89 2847.74 2810.12 2776.26 2762.22 2773.68
2601.73 2641.08 2700.40 2767.12 2819.35 2818.03 2795.99 2781.61 2794.82 2843.02 2881.62 2897.40 2911.79 2946.25 3002.61 3099.61 3173.53 3137.58 3081.41 3072.68 3077.24 3081.02 3081.91 3067.82 3059.61 3074.39 3085.51 3105.28 3121.94 3112.80 3115.77 3141.42 3157.87 3155.50 3147.23 3149.82 3149.54 3140.18 3110.72 3016.09 2923.84 2891.99 2867.19 2812.65 2773.98 2807.10 2863.66 2879.89 2872.62 2862.23 2836.71 2801.92 2788.06 2819.38 2855.20 2849.87 2847.18 2888.59 2929.45 2931.10 2918.04 2893.10 2850.88 2807.42 2773.13 2768.21 2787.89
2574.42 2614.15 2666.39 2715.88 2758.11 2768.78 2768.82 2765.62 2778.45 2827.41 2870.69 2897.42 2919.66 2939.71 2971.09 3030.05 3076.23 3066.09 3052.13 3062.94 3071.70 3075.77 3070.05 3046.38 3035.21 3058.43 3079.45 3112.23 3140.87 3122.01 3112.46 3131.44 3145.43 3128.33 3110.56 3112.14 3104.21 3158.47 3196.70 3086.34 2982.47 2947.65 2917.23 2879.93 2852.68 2899.02 2957.88 2932.55 2888.70 2862.55 2826.20 2793.33 2782.56 2842.01 2904.63 2871.88 2840.46 2870.92 2916.32 2953.70 2963.74 2930.03 2867.61 2807.36 2768.17 2772.41 2799.30
2551.55 2579.25 2611.90 2644.52 2677.02 2700.49 2722.95 2745.65 2772.61 2810.75 2847.17 2877.15 2899.81 2937.81 2976.51 2979.13 2979.34 2996.48 3026.35 3057.91 3072.42 3072.27 3055.29 3024.04 3011.86 3022.24 3031.94 3055.53 3074.06 3062.58 3058.03 3096.17 3133.67 3114.51 3099.78 3112.17 3107.94 3129.10 3140.80 3075.74 3022.10 3024.00 3026.78 3003.70 2982.30 3013.94 3045.35 2994.04 2928.58 2888.62 2844.00 2809.50 2800.13 2828.87 2858.62 2852.93 2847.00 2875.50 2934.77 2994.57 3015.33 2974.15 2893.01 2810.20 2760.39 2760.18 2780.53
2555.23 2574.55 2595.07 2618.16 2644.21 2675.15 2708.36 2745.08 2780.19 2804.79 2829.54 2858.04 2878.58 2938.49 2993.98 2949.78 2907.98 2944.48 3001.67 3037.68 3050.58 3049.27 3027.70 2995.51 2985.33 2982.23 2979.27 2992.38 3000.34 2998.29 3003.12 3064.94 3128.43 3105.43 3088.80 3106.92 3104.14 3094.04 3083.48 3068.79 3069.70 3111.89 3151.25 3144.90 3130.23 3149.42 3158.21 3085.16 2998.49 2940.67 2882.23 2841.17 2831.08 2828.54 2824.08 2843.87 2862.10 2880.96 2938.54 3005.51 3030.21 2987.19 2899.48 2806.32 2751.64 2748.14 2764.03
